Clock Amplitude: 8.50 	Wavelength: 200 	Period: 1
CellID: 1.00 	 Neighbors: 2  4  5  6
CellID: 2.00 	 Neighbors: 1  5  6  7
CellID: 3.00 	 Neighbors: 8  9
CellID: 4.00 	 Neighbors: 1  5  8  9
CellID: 5.00 	 Neighbors: 1  2  4  9
CellID: 6.00 	 Neighbors: 1  2  7
CellID: 7.00 	 Neighbors: 2  6
CellID: 8.00 	 Neighbors: 3  4  9
CellID: 9.00 	 Neighbors: 3  4  5  8
1; 1.00 ;0.00; 0.00; 4.2042; 2.00 ;0.00; 0.00; 4.1826; 3.00 ;1.00; 1.00; 4.2498; 4.00 ;0.00; 0.00; 4.2350; 5.00 ;0.00; 0.00; 4.2217; 6.00 ;0.00; 0.00; 4.1569; 7.00 ;0.00; 0.00; 4.1270; 8.00 ;-0.00; 0.00; 4.2490; 9.00 ;-0.00; 0.00; 4.2441; 
2; 1.00 ;-0.00; 0.00; 4.2257; 2.00 ;-0.00; 0.00; 4.2094; 3.00 ;1.00; 1.00; 4.2446; 4.00 ;0.00; 0.00; 4.2459; 5.00 ;0.00; 0.00; 4.2379; 6.00 ;-0.00; 0.00; 4.1889; 7.00 ;0.00; 0.00; 4.1643; 8.00 ;-0.00; 0.00; 4.2493; 9.00 ;-0.00; 0.00; 4.2497; 
3; 1.00 ;-0.00; 0.00; 4.2405; 2.00 ;-0.00; 0.00; 4.2295; 3.00 ;1.00; 1.00; 4.2327; 4.00 ;0.00; 0.00; 4.2500; 5.00 ;0.00; 0.00; 4.2473; 6.00 ;0.00; 0.00; 4.2143; 7.00 ;-0.00; 0.00; 4.1950; 8.00 ;-0.00; 0.00; 4.2427; 9.00 ;-0.00; 0.00; 4.2484; 
4; 1.00 ;-0.00; 0.00; 4.2485; 2.00 ;-0.00; 0.00; 4.2428; 3.00 ;1.00; 1.00; 4.2140; 4.00 ;0.00; 0.00; 4.2472; 5.00 ;0.00; 0.00; 4.2500; 6.00 ;0.00; 0.00; 4.2329; 7.00 ;-0.00; 0.00; 4.2189; 8.00 ;-0.00; 0.00; 4.2293; 9.00 ;-0.00; 0.00; 4.2403; 
5; 1.00 ;-0.00; 0.00; 4.2496; 2.00 ;-0.00; 0.00; 4.2493; 3.00 ;1.00; 1.00; 4.1885; 4.00 ;0.00; 0.00; 4.2377; 5.00 ;0.00; 0.00; 4.2458; 6.00 ;0.00; 0.00; 4.2448; 7.00 ;0.00; 0.00; 4.2360; 8.00 ;-0.00; 0.00; 4.2091; 9.00 ;-0.00; 0.00; 4.2255; 
6; 1.00 ;-0.00; 0.00; 4.2440; 2.00 ;-0.00; 0.00; 4.2490; 3.00 ;1.00; 1.00; 4.1564; 4.00 ;0.00; 0.00; 4.2214; 5.00 ;0.00; 0.00; 4.2348; 6.00 ;-0.00; 0.00; 4.2498; 7.00 ;0.00; 0.00; 4.2464; 8.00 ;-0.00; 0.00; 4.1822; 9.00 ;-0.00; 0.00; 4.2039; 
7; 1.00 ;-0.00; 0.00; 4.2315; 2.00 ;-0.00; 0.00; 4.2419; 3.00 ;1.00; 1.00; 4.1176; 4.00 ;0.00; 0.00; 4.1984; 5.00 ;0.00; 0.00; 4.2170; 6.00 ;-0.00; 0.00; 4.2480; 7.00 ;-0.00; 0.00; 4.2500; 8.00 ;-0.00; 0.00; 4.1486; 9.00 ;-0.00; 0.00; 4.1755; 
8; 1.00 ;-0.00; 0.00; 4.2123; 2.00 ;-0.00; 0.00; 4.2280; 3.00 ;1.00; 1.00; 4.0721; 4.00 ;0.00; 0.00; 4.1686; 5.00 ;0.00; 0.00; 4.1925; 6.00 ;0.00; 0.00; 4.2395; 7.00 ;0.00; 0.00; 4.2468; 8.00 ;-0.00; 0.00; 4.1084; 9.00 ;-0.00; 0.00; 4.1405; 
9; 1.00 ;-0.00; 0.00; 4.1864; 2.00 ;-0.00; 0.00; 4.2073; 3.00 ;1.00; 1.00; 4.0202; 4.00 ;0.00; 0.00; 4.1321; 5.00 ;0.00; 0.00; 4.1613; 6.00 ;-0.00; 0.00; 4.2241; 7.00 ;-0.00; 0.00; 4.2367; 8.00 ;-0.00; 0.00; 4.0615; 9.00 ;-0.00; 0.00; 4.0988; 
10; 1.00 ;-0.00; 0.00; 4.1537; 2.00 ;-0.00; 0.00; 4.1799; 3.00 ;1.00; 1.00; 3.9618; 4.00 ;0.00; 0.00; 4.0890; 5.00 ;0.00; 0.00; 4.1234; 6.00 ;-0.00; 0.00; 4.2020; 7.00 ;0.00; 0.00; 4.2199; 8.00 ;-0.00; 0.00; 4.0082; 9.00 ;-0.00; 0.00; 4.0506; 
11; 1.00 ;-0.00; 0.00; 4.1144; 2.00 ;-0.00; 0.00; 4.1458; 3.00 ;1.00; 1.00; 3.8971; 4.00 ;0.00; 0.00; 4.0394; 5.00 ;0.00; 0.00; 4.0789; 6.00 ;0.00; 0.00; 4.1731; 7.00 ;0.00; 0.00; 4.1964; 8.00 ;-0.00; 0.00; 3.9485; 9.00 ;-0.00; 0.00; 3.9959; 
12; 1.00 ;-0.00; 0.00; 4.0685; 2.00 ;-0.00; 0.00; 4.1051; 3.00 ;1.00; 1.00; 3.8262; 4.00 ;0.00; 0.00; 3.9833; 5.00 ;0.00; 0.00; 4.0279; 6.00 ;0.00; 0.00; 4.1376; 7.00 ;0.00; 0.00; 4.1661; 8.00 ;-0.00; 0.00; 3.8824; 9.00 ;-0.00; 0.00; 3.9348; 
13; 1.00 ;-0.00; 0.00; 4.0161; 2.00 ;-0.00; 0.00; 4.0578; 3.00 ;1.00; 1.00; 3.7491; 4.00 ;0.00; 0.01; 3.9208; 5.00 ;0.00; 0.00; 3.9704; 6.00 ;0.00; 0.00; 4.0954; 7.00 ;-0.00; 0.00; 4.1291; 8.00 ;-0.00; 0.00; 3.8101; 9.00 ;-0.00; 0.01; 3.8674; 
14; 1.00 ;-0.00; 0.01; 3.9572; 2.00 ;-0.00; 0.00; 4.0039; 3.00 ;1.00; 1.00; 3.6660; 4.00 ;0.00; 0.01; 3.8521; 5.00 ;0.00; 0.01; 3.9066; 6.00 ;0.00; 0.00; 4.0467; 7.00 ;-0.00; 0.00; 4.0855; 8.00 ;-0.00; 0.00; 3.7317; 9.00 ;-0.00; 0.01; 3.7938; 
15; 1.00 ;-0.00; 0.01; 3.8920; 2.00 ;-0.00; 0.01; 3.9437; 3.00 ;1.00; 1.00; 3.5770; 4.00 ;0.00; 0.01; 3.7771; 5.00 ;0.00; 0.01; 3.8365; 6.00 ;-0.00; 0.00; 3.9915; 7.00 ;-0.00; 0.00; 4.0354; 8.00 ;-0.00; 0.00; 3.6473; 9.00 ;-0.00; 0.01; 3.7141; 
16; 1.00 ;-0.00; 0.01; 3.8206; 2.00 ;-0.00; 0.01; 3.8772; 3.00 ;1.00; 1.00; 3.4823; 4.00 ;0.00; 0.01; 3.6962; 5.00 ;0.00; 0.01; 3.7602; 6.00 ;0.00; 0.01; 3.9299; 7.00 ;0.00; 0.00; 3.9788; 8.00 ;-0.00; 0.00; 3.5571; 9.00 ;-0.00; 0.01; 3.6284; 
17; 1.00 ;-0.00; 0.01; 3.7430; 2.00 ;-0.00; 0.01; 3.8044; 3.00 ;1.00; 1.00; 3.3821; 4.00 ;0.00; 0.01; 3.6093; 5.00 ;0.00; 0.01; 3.6780; 6.00 ;0.00; 0.01; 3.8621; 7.00 ;-0.00; 0.01; 3.9159; 8.00 ;-0.00; 0.00; 3.4612; 9.00 ;-0.00; 0.01; 3.5370; 
18; 1.00 ;-0.00; 0.01; 3.6595; 2.00 ;-0.00; 0.01; 3.7256; 3.00 ;1.00; 1.00; 3.2764; 4.00 ;0.00; 0.01; 3.5166; 5.00 ;0.00; 0.01; 3.5898; 6.00 ;0.00; 0.01; 3.7880; 7.00 ;0.00; 0.01; 3.8467; 8.00 ;-0.00; 0.01; 3.3598; 9.00 ;-0.00; 0.01; 3.4399; 
19; 1.00 ;-0.00; 0.01; 3.5701; 2.00 ;-0.00; 0.01; 3.6408; 3.00 ;1.00; 1.00; 3.1655; 4.00 ;0.00; 0.01; 3.4183; 5.00 ;0.00; 0.01; 3.4959; 6.00 ;-0.00; 0.01; 3.7079; 7.00 ;-0.00; 0.01; 3.7713; 8.00 ;-0.00; 0.01; 3.2530; 9.00 ;-0.00; 0.01; 3.3373; 
20; 1.00 ;-0.00; 0.01; 3.4750; 2.00 ;-0.00; 0.01; 3.5501; 3.00 ;1.00; 1.00; 3.0495; 4.00 ;0.00; 0.01; 3.3145; 5.00 ;0.00; 0.01; 3.3964; 6.00 ;0.00; 0.01; 3.6218; 7.00 ;-0.00; 0.01; 3.6898; 8.00 ;-0.00; 0.01; 3.1409; 9.00 ;-0.00; 0.01; 3.2293; 
21; 1.00 ;-0.00; 0.01; 3.3743; 2.00 ;-0.00; 0.01; 3.4538; 3.00 ;1.00; 1.00; 2.9286; 4.00 ;0.00; 0.01; 3.2054; 5.00 ;0.00; 0.01; 3.2915; 6.00 ;0.00; 0.01; 3.5299; 7.00 ;0.00; 0.01; 3.6025; 8.00 ;-0.00; 0.01; 3.0239; 9.00 ;-0.00; 0.01; 3.1162; 
22; 1.00 ;-0.00; 0.01; 3.2682; 2.00 ;-0.00; 0.01; 3.3520; 3.00 ;1.00; 1.00; 2.8030; 4.00 ;0.00; 0.01; 3.0912; 5.00 ;0.00; 0.01; 3.1813; 6.00 ;-0.00; 0.01; 3.4324; 7.00 ;0.00; 0.01; 3.5094; 8.00 ;-0.00; 0.01; 2.9020; 9.00 ;-0.00; 0.01; 2.9981; 
23; 1.00 ;-0.00; 0.01; 3.1569; 2.00 ;-0.00; 0.01; 3.2447; 3.00 ;1.00; 1.00; 2.6729; 4.00 ;0.00; 0.01; 2.9720; 5.00 ;0.00; 0.01; 3.0660; 6.00 ;-0.00; 0.01; 3.3294; 7.00 ;0.00; 0.01; 3.4107; 8.00 ;-0.00; 0.01; 2.7754; 9.00 ;-0.00; 0.01; 2.8751; 
24; 1.00 ;-0.00; 0.01; 3.0406; 2.00 ;-0.00; 0.01; 3.1323; 3.00 ;1.00; 1.00; 2.5386; 4.00 ;0.00; 0.01; 2.8481; 5.00 ;0.00; 0.01; 2.9458; 6.00 ;-0.00; 0.01; 3.2210; 7.00 ;0.00; 0.01; 3.3065; 8.00 ;-0.00; 0.01; 2.6444; 9.00 ;-0.00; 0.01; 2.7476; 
25; 1.00 ;-0.00; 0.01; 2.9193; 2.00 ;-0.00; 0.01; 3.0149; 3.00 ;1.00; 1.00; 2.4002; 4.00 ;0.00; 0.01; 2.7196; 5.00 ;0.00; 0.01; 2.8209; 6.00 ;-0.00; 0.01; 3.1075; 7.00 ;-0.00; 0.01; 3.1970; 8.00 ;-0.00; 0.01; 2.5092; 9.00 ;-0.00; 0.01; 2.6157; 
26; 1.00 ;-0.00; 0.01; 2.7934; 2.00 ;-0.00; 0.01; 2.8926; 3.00 ;1.00; 1.00; 2.2579; 4.00 ;0.00; 0.01; 2.5868; 5.00 ;0.00; 0.01; 2.6914; 6.00 ;0.00; 0.01; 2.9890; 7.00 ;0.00; 0.01; 3.0824; 8.00 ;-0.00; 0.01; 2.3699; 9.00 ;-0.00; 0.01; 2.4796; 
27; 1.00 ;-0.00; 0.01; 2.6630; 2.00 ;-0.00; 0.01; 2.7657; 3.00 ;1.00; 1.00; 2.1121; 4.00 ;0.00; 0.01; 2.4498; 5.00 ;0.00; 0.01; 2.5577; 6.00 ;0.00; 0.01; 2.8657; 7.00 ;-0.00; 0.01; 2.9629; 8.00 ;-0.00; 0.01; 2.2269; 9.00 ;-0.00; 0.01; 2.3395; 
28; 1.00 ;-0.00; 0.01; 2.5284; 2.00 ;-0.00; 0.01; 2.6344; 3.00 ;1.00; 1.00; 1.9628; 4.00 ;0.00; 0.01; 2.3089; 5.00 ;0.00; 0.01; 2.4198; 6.00 ;0.00; 0.01; 2.7379; 7.00 ;0.00; 0.01; 2.8386; 8.00 ;-0.00; 0.01; 2.0803; 9.00 ;-0.00; 0.01; 2.1957; 
29; 1.00 ;-0.00; 0.01; 2.3897; 2.00 ;-0.00; 0.01; 2.4989; 3.00 ;1.00; 1.00; 1.8104; 4.00 ;0.00; 0.02; 2.1643; 5.00 ;0.00; 0.01; 2.2781; 6.00 ;0.00; 0.01; 2.6056; 7.00 ;-0.00; 0.01; 2.7098; 8.00 ;-0.00; 0.01; 1.9303; 9.00 ;-0.00; 0.02; 2.0483; 
30; 1.00 ;-0.00; 0.01; 2.2471; 2.00 ;-0.00; 0.01; 2.3593; 3.00 ;1.00; 1.00; 1.6552; 4.00 ;0.00; 0.02; 2.0162; 5.00 ;0.00; 0.02; 2.1327; 6.00 ;0.00; 0.01; 2.4692; 7.00 ;0.00; 0.01; 2.5766; 8.00 ;-0.00; 0.01; 1.7773; 9.00 ;-0.00; 0.02; 1.8977; 
31; 1.00 ;-0.00; 0.02; 2.1010; 2.00 ;-0.00; 0.02; 2.2160; 3.00 ;1.00; 1.00; 1.4972; 4.00 ;0.00; 0.02; 1.8649; 5.00 ;0.00; 0.02; 1.9839; 6.00 ;0.00; 0.01; 2.3288; 7.00 ;0.00; 0.01; 2.4393; 8.00 ;-0.01; 0.02; 1.6214; 9.00 ;-0.00; 0.02; 1.7440; 
32; 1.00 ;-0.00; 0.02; 1.9515; 2.00 ;-0.00; 0.02; 2.0691; 3.00 ;1.00; 1.00; 1.3369; 4.00 ;0.00; 0.02; 1.7106; 5.00 ;0.00; 0.02; 1.8320; 6.00 ;0.00; 0.02; 2.1847; 7.00 ;0.00; 0.01; 2.2982; 8.00 ;-0.01; 0.02; 1.4629; 9.00 ;-0.00; 0.03; 1.5875; 
33; 1.00 ;-0.00; 0.02; 1.7989; 2.00 ;-0.00; 0.02; 1.9190; 3.00 ;1.00; 1.00; 1.1744; 4.00 ;0.00; 0.03; 1.5536; 5.00 ;0.00; 0.03; 1.6771; 6.00 ;0.00; 0.02; 2.0371; 7.00 ;0.00; 0.02; 2.1533; 8.00 ;-0.01; 0.02; 1.3021; 9.00 ;-0.00; 0.03; 1.4285; 
34; 1.00 ;-0.00; 0.03; 1.6434; 2.00 ;-0.00; 0.02; 1.7657; 3.00 ;1.00; 1.00; 1.0100; 4.00 ;0.00; 0.03; 1.3940; 5.00 ;0.00; 0.03; 1.5195; 6.00 ;0.00; 0.02; 1.8863; 7.00 ;0.00; 0.02; 2.0049; 8.00 ;-0.01; 0.03; 1.1392; 9.00 ;-0.00; 0.04; 1.2673; 
35; 1.00 ;-0.00; 0.03; 1.4853; 2.00 ;-0.00; 0.03; 1.6096; 3.00 ;1.00; 1.00; 0.8441; 4.00 ;0.00; 0.04; 1.2323; 5.00 ;0.00; 0.04; 1.3595; 6.00 ;0.00; 0.02; 1.7324; 7.00 ;0.00; 0.02; 1.8534; 8.00 ;-0.02; 0.03; 0.9745; 9.00 ;-0.01; 0.05; 1.1039; 
36; 1.00 ;-0.00; 0.04; 1.3248; 2.00 ;-0.00; 0.03; 1.4509; 3.00 ;1.00; 1.00; 0.6767; 4.00 ;0.00; 0.05; 1.0686; 5.00 ;0.00; 0.04; 1.1973; 6.00 ;0.00; 0.03; 1.5757; 7.00 ;0.00; 0.03; 1.6989; 8.00 ;-0.02; 0.04; 0.8082; 9.00 ;-0.01; 0.06; 0.9388; 
37; 1.00 ;-0.00; 0.05; 1.1621; 2.00 ;-0.00; 0.04; 1.2900; 3.00 ;1.00; 1.00; 0.5083; 4.00 ;0.00; 0.07; 0.9031; 5.00 ;0.00; 0.05; 1.0331; 6.00 ;0.00; 0.03; 1.4165; 7.00 ;0.00; 0.03; 1.5417; 8.00 ;-0.03; 0.05; 0.6406; 9.00 ;-0.01; 0.07; 0.7723; 
38; 1.00 ;-0.00; 0.06; 0.9976; 2.00 ;-0.00; 0.05; 1.1269; 3.00 ;1.00; 1.00; 0.3391; 4.00 ;0.00; 0.08; 0.7363; 5.00 ;0.00; 0.07; 0.8674; 6.00 ;0.00; 0.04; 1.2551; 7.00 ;0.00; 0.04; 1.3820; 8.00 ;-0.04; 0.07; 0.4720; 9.00 ;-0.02; 0.09; 0.6044; 
39; 1.00 ;-0.00; 0.07; 0.8315; 2.00 ;-0.00; 0.06; 0.9621; 3.00 ;1.00; 1.00; 0.1693; 4.00 ;0.00; 0.11; 0.5682; 5.00 ;0.00; 0.09; 0.7002; 6.00 ;0.00; 0.05; 1.0916; 7.00 ;0.00; 0.04; 1.2201; 8.00 ;-0.06; 0.09; 0.3026; 9.00 ;-0.02; 0.12; 0.4356; 
40; 1.00 ;-0.00; 0.09; 0.6641; 2.00 ;-0.00; 0.08; 0.7957; 3.00 ;1.00; 1.00; -0.0007; 4.00 ;0.00; 0.14; 0.3992; 5.00 ;0.00; 0.11; 0.5319; 6.00 ;0.00; 0.06; 0.9264; 7.00 ;0.00; 0.06; 1.0562; 8.00 ;-0.09; 0.13; 0.1328; 9.00 ;-0.03; 0.16; 0.2661; 
41; 1.00 ;-0.00; 0.12; 0.4956; 2.00 ;-0.00; 0.10; 0.6280; 3.00 ;1.00; 1.00; -0.1708; 4.00 ;0.00; 0.18; 0.2296; 5.00 ;0.00; 0.14; 0.3628; 6.00 ;0.00; 0.08; 0.7597; 7.00 ;0.00; 0.07; 0.8907; 8.00 ;-0.14; 0.18; -0.0373; 9.00 ;-0.05; 0.20; 0.0962; 
42; 1.00 ;-0.00; 0.15; 0.3264; 2.00 ;0.00; 0.12; 0.4593; 3.00 ;1.00; 1.00; -0.3405; 4.00 ;0.01; 0.23; 0.0596; 5.00 ;0.00; 0.18; 0.1931; 6.00 ;0.00; 0.10; 0.5918; 7.00 ;-0.00; 0.09; 0.7237; 8.00 ;-0.23; 0.28; -0.2073; 9.00 ;-0.05; 0.24; -0.0739; 
43; 1.00 ;-0.00; 0.19; 0.1566; 2.00 ;0.00; 0.16; 0.2899; 3.00 ;1.00; 1.00; -0.5098; 4.00 ;0.02; 0.31; -0.1104; 5.00 ;-0.00; 0.22; 0.0231; 6.00 ;0.00; 0.13; 0.4229; 7.00 ;-0.00; 0.12; 0.5556; 8.00 ;-0.41; 0.45; -0.3770; 9.00 ;-0.00; 0.24; -0.2438; 
44; 1.00 ;-0.00; 0.25; -0.0135; 2.00 ;0.00; 0.20; 0.1200; 3.00 ;1.00; 1.00; -0.6782; 4.00 ;0.05; 0.40; -0.2803; 5.00 ;-0.01; 0.26; -0.1470; 6.00 ;-0.00; 0.17; 0.2534; 7.00 ;-0.00; 0.17; 0.3865; 8.00 ;-0.61; 0.64; -0.5460; 9.00 ;0.07; 0.24; -0.4134; 
45; 1.00 ;0.00; 0.31; -0.1835; 2.00 ;0.00; 0.25; -0.0501; 3.00 ;1.00; 1.00; -0.8455; 4.00 ;0.09; 0.48; -0.4498; 5.00 ;-0.03; 0.31; -0.3168; 6.00 ;-0.00; 0.20; 0.0835; 7.00 ;-0.00; 0.23; 0.2169; 8.00 ;-0.75; 0.77; -0.7142; 9.00 ;0.16; 0.30; -0.5823; 
46; 1.00 ;0.00; 0.35; -0.3533; 2.00 ;-0.00; 0.32; -0.2200; 3.00 ;1.00; 1.00; -1.0114; 4.00 ;-0.10; 0.44; -0.6185; 5.00 ;0.01; 0.42; -0.4861; 6.00 ;0.00; 0.24; -0.0866; 7.00 ;0.00; 0.31; 0.0469; 8.00 ;-0.82; 0.83; -0.8813; 9.00 ;0.42; 0.51; -0.7503; 
47; 1.00 ;-0.07; 0.41; -0.5224; 2.00 ;0.01; 0.40; -0.3897; 3.00 ;1.00; 1.00; -1.1758; 4.00 ;-0.45; 0.57; -0.7862; 5.00 ;0.23; 0.48; -0.6546; 6.00 ;0.00; 0.26; -0.2566; 7.00 ;-0.00; 0.43; -0.1232; 8.00 ;-0.88; 0.89; -1.0469; 9.00 ;0.66; 0.70; -0.9170; 
48; 1.00 ;-0.31; 0.48; -0.6908; 2.00 ;0.12; 0.48; -0.5587; 3.00 ;1.00; 1.00; -1.3383; 4.00 ;-0.70; 0.73; -0.9527; 5.00 ;0.55; 0.63; -0.8221; 6.00 ;-0.01; 0.28; -0.4261; 7.00 ;-0.01; 0.56; -0.2930; 8.00 ;-0.92; 0.92; -1.2109; 9.00 ;0.80; 0.81; -1.0823; 
49; 1.00 ;-0.62; 0.67; -0.8580; 2.00 ;0.45; 0.60; -0.7268; 3.00 ;1.00; 1.00; -1.4986; 4.00 ;-0.82; 0.83; -1.1177; 5.00 ;0.74; 0.76; -0.9883; 6.00 ;-0.07; 0.29; -0.5949; 7.00 ;-0.09; 0.69; -0.4624; 8.00 ;-0.94; 0.94; -1.3729; 9.00 ;0.87; 0.88; -1.2459; 
50; 1.00 ;-0.80; 0.82; -1.0238; 2.00 ;0.71; 0.76; -0.8938; 3.00 ;1.00; 1.00; -1.6565; 4.00 ;-0.88; 0.89; -1.2808; 5.00 ;0.84; 0.85; -1.1529; 6.00 ;-0.10; 0.28; -0.7628; 7.00 ;-0.29; 0.79; -0.6311; 8.00 ;-0.96; 0.96; -1.5327; 9.00 ;0.92; 0.92; -1.4075; 
51; 1.00 ;-0.85; 0.86; -1.1880; 2.00 ;0.76; 0.78; -1.0593; 3.00 ;1.00; 1.00; -1.8118; 4.00 ;-0.92; 0.93; -1.4419; 5.00 ;0.90; 0.90; -1.3156; 6.00 ;-0.76; 0.77; -0.9295; 7.00 ;0.79; 0.84; -0.7988; 8.00 ;-0.97; 0.97; -1.6901; 9.00 ;0.94; 0.95; -1.5668; 
52; 1.00 ;-0.90; 0.91; -1.3504; 2.00 ;0.86; 0.87; -1.2231; 3.00 ;1.00; 1.00; -1.9641; 4.00 ;-0.95; 0.95; -1.6007; 5.00 ;0.93; 0.93; -1.4763; 6.00 ;-0.87; 0.87; -1.0947; 7.00 ;0.88; 0.90; -0.9651; 8.00 ;-0.97; 0.98; -1.8448; 9.00 ;0.96; 0.96; -1.7236; 
53; 1.00 ;-0.93; 0.94; -1.5105; 2.00 ;0.91; 0.92; -1.3850; 3.00 ;1.00; 1.00; -2.1133; 4.00 ;-0.96; 0.96; -1.7570; 5.00 ;0.95; 0.95; -1.6345; 6.00 ;-0.92; 0.92; -1.2581; 7.00 ;0.92; 0.93; -1.1300; 8.00 ;-0.98; 0.98; -1.9965; 9.00 ;0.97; 0.97; -1.8776; 
54; 1.00 ;-0.95; 0.96; -1.6682; 2.00 ;0.94; 0.94; -1.5446; 3.00 ;1.00; 1.00; -2.2592; 4.00 ;-0.97; 0.97; -1.9104; 5.00 ;0.96; 0.96; -1.7902; 6.00 ;-0.94; 0.95; -1.4195; 7.00 ;0.94; 0.95; -1.2930; 8.00 ;-0.98; 0.98; -2.1450; 9.00 ;0.97; 0.98; -2.0287; 
55; 1.00 ;-0.97; 0.97; -1.8233; 2.00 ;0.96; 0.96; -1.7018; 3.00 ;1.00; 1.00; -2.4014; 4.00 ;-0.98; 0.98; -2.0607; 5.00 ;0.97; 0.97; -1.9430; 6.00 ;-0.96; 0.96; -1.5786; 7.00 ;0.96; 0.97; -1.4539; 8.00 ;-0.99; 0.99; -2.2901; 9.00 ;0.98; 0.98; -2.1765; 
56; 1.00 ;-0.97; 0.97; -1.9754; 2.00 ;0.97; 0.97; -1.8563; 3.00 ;1.00; 1.00; -2.5398; 4.00 ;-0.98; 0.98; -2.2078; 5.00 ;0.98; 0.98; -2.0927; 6.00 ;-0.97; 0.97; -1.7353; 7.00 ;0.97; 0.97; -1.6125; 8.00 ;-0.99; 0.99; -2.4315; 9.00 ;0.98; 0.98; -2.3208; 
57; 1.00 ;-0.98; 0.98; -2.1244; 2.00 ;0.97; 0.98; -2.0077; 3.00 ;1.00; 1.00; -2.6741; 4.00 ;-0.98; 0.98; -2.3513; 5.00 ;0.98; 0.98; -2.2390; 6.00 ;-0.98; 0.98; -1.8891; 7.00 ;0.98; 0.98; -1.7686; 8.00 ;-0.99; 0.99; -2.5690; 9.00 ;0.99; 0.99; -2.4614; 
58; 1.00 ;-0.98; 0.98; -2.2700; 2.00 ;0.98; 0.98; -2.1560; 3.00 ;1.00; 1.00; -2.8041; 4.00 ;-0.99; 0.99; -2.4911; 5.00 ;0.98; 0.99; -2.3817; 6.00 ;-0.98; 0.98; -2.0399; 7.00 ;0.98; 0.98; -1.9218; 8.00 ;-0.99; 0.99; -2.7024; 9.00 ;0.99; 0.99; -2.5980; 
59; 1.00 ;-0.98; 0.99; -2.4119; 2.00 ;0.98; 0.98; -2.3008; 3.00 ;1.00; 1.00; -2.9296; 4.00 ;-0.99; 0.99; -2.6269; 5.00 ;0.99; 0.99; -2.5206; 6.00 ;-0.98; 0.98; -2.1874; 7.00 ;0.98; 0.99; -2.0719; 8.00 ;-0.99; 0.99; -2.8315; 9.00 ;0.99; 0.99; -2.7305; 
60; 1.00 ;-0.99; 0.99; -2.5500; 2.00 ;0.99; 0.99; -2.4419; 3.00 ;1.00; 1.00; -3.0505; 4.00 ;-0.99; 0.99; -2.7584; 5.00 ;0.99; 0.99; -2.6555; 6.00 ;-0.99; 0.99; -2.3315; 7.00 ;0.99; 0.99; -2.2187; 8.00 ;-0.99; 0.99; -2.9560; 9.00 ;0.99; 0.99; -2.8586; 
61; 1.00 ;-0.99; 0.99; -2.6840; 2.00 ;0.99; 0.99; -2.5791; 3.00 ;1.00; 1.00; -3.1664; 4.00 ;-0.99; 0.99; -2.8856; 5.00 ;0.99; 0.99; -2.7862; 6.00 ;-0.99; 0.99; -2.4718; 7.00 ;0.99; 0.99; -2.3620; 8.00 ;-0.99; 0.99; -3.0758; 9.00 ;0.99; 0.99; -2.9822; 
62; 1.00 ;-0.99; 0.99; -2.8137; 2.00 ;0.99; 0.99; -2.7122; 3.00 ;1.00; 1.00; -3.2773; 4.00 ;-0.99; 0.99; -3.0081; 5.00 ;0.99; 0.99; -2.9123; 6.00 ;-0.99; 0.99; -2.6081; 7.00 ;0.99; 0.99; -2.5014; 8.00 ;-0.99; 0.99; -3.1907; 9.00 ;0.99; 0.99; -3.1009; 
63; 1.00 ;-0.99; 0.99; -2.9389; 2.00 ;0.99; 0.99; -2.8410; 3.00 ;1.00; 1.00; -3.3829; 4.00 ;-0.99; 0.99; -3.1258; 5.00 ;0.99; 0.99; -3.0338; 6.00 ;-0.99; 0.99; -2.7403; 7.00 ;0.99; 0.99; -2.6369; 8.00 ;-0.99; 0.99; -3.3005; 9.00 ;0.99; 0.99; -3.2147; 
64; 1.00 ;-0.99; 0.99; -3.0593; 2.00 ;0.99; 0.99; -2.9652; 3.00 ;1.00; 1.00; -3.4832; 4.00 ;-0.99; 0.99; -3.2385; 5.00 ;0.99; 0.99; -3.1505; 6.00 ;-0.99; 0.99; -2.8681; 7.00 ;0.99; 0.99; -2.7681; 8.00 ;-0.99; 0.99; -3.4050; 9.00 ;0.99; 0.99; -3.3234; 
65; 1.00 ;-0.99; 0.99; -3.1749; 2.00 ;0.99; 0.99; -3.0846; 3.00 ;1.00; 1.00; -3.5778; 4.00 ;-0.99; 0.99; -3.3461; 5.00 ;0.99; 0.99; -3.2621; 6.00 ;-0.99; 0.99; -2.9913; 7.00 ;0.99; 0.99; -2.8949; 8.00 ;-1.00; 1.00; -3.5040; 9.00 ;0.99; 0.99; -3.4267; 
66; 1.00 ;-0.99; 0.99; -3.2854; 2.00 ;0.99; 0.99; -3.1991; 3.00 ;1.00; 1.00; -3.6667; 4.00 ;-0.99; 0.99; -3.4482; 5.00 ;0.99; 0.99; -3.3685; 6.00 ;-0.99; 0.99; -3.1097; 7.00 ;0.99; 0.99; -3.0171; 8.00 ;-1.00; 1.00; -3.5974; 9.00 ;0.99; 0.99; -3.5246; 
67; 1.00 ;-0.99; 0.99; -3.3907; 2.00 ;0.99; 0.99; -3.3085; 3.00 ;1.00; 1.00; -3.7498; 4.00 ;-0.99; 0.99; -3.5449; 5.00 ;0.99; 0.99; -3.4695; 6.00 ;-0.99; 0.99; -3.2231; 7.00 ;0.99; 0.99; -3.1345; 8.00 ;-1.00; 1.00; -3.6851; 9.00 ;0.99; 1.00; -3.6168; 
68; 1.00 ;-0.99; 0.99; -3.4905; 2.00 ;0.99; 0.99; -3.4126; 3.00 ;1.00; 1.00; -3.8268; 4.00 ;-0.99; 1.00; -3.6358; 5.00 ;0.99; 0.99; -3.5649; 6.00 ;-0.99; 0.99; -3.3313; 7.00 ;0.99; 1.00; -3.2468; 8.00 ;-1.00; 1.00; -3.7668; 9.00 ;1.00; 1.00; -3.7032; 
69; 1.00 ;-0.99; 0.99; -3.5847; 2.00 ;0.99; 0.99; -3.5112; 3.00 ;1.00; 1.00; -3.8977; 4.00 ;-1.00; 1.00; -3.7210; 5.00 ;1.00; 1.00; -3.6546; 6.00 ;-0.99; 1.00; -3.4342; 7.00 ;0.99; 1.00; -3.3539; 8.00 ;-1.00; 1.00; -3.8426; 9.00 ;1.00; 1.00; -3.7836; 
70; 1.00 ;-1.00; 1.00; -3.6732; 2.00 ;0.99; 1.00; -3.6042; 3.00 ;1.00; 1.00; -3.9624; 4.00 ;-1.00; 1.00; -3.8001; 5.00 ;1.00; 1.00; -3.7385; 6.00 ;-1.00; 1.00; -3.5317; 7.00 ;0.99; 1.00; -3.4557; 8.00 ;-1.00; 1.00; -3.9121; 9.00 ;1.00; 1.00; -3.8580; 
71; 1.00 ;-1.00; 1.00; -3.7557; 2.00 ;1.00; 1.00; -3.6914; 3.00 ;1.00; 1.00; -4.0207; 4.00 ;-1.00; 1.00; -3.8732; 5.00 ;1.00; 1.00; -3.8164; 6.00 ;-1.00; 1.00; -3.6234; 7.00 ;1.00; 1.00; -3.5519; 8.00 ;-1.00; 1.00; -3.9754; 9.00 ;1.00; 1.00; -3.9263; 
72; 1.00 ;-1.00; 1.00; -3.8323; 2.00 ;1.00; 1.00; -3.7727; 3.00 ;1.00; 1.00; -4.0726; 4.00 ;-1.00; 1.00; -3.9401; 5.00 ;1.00; 1.00; -3.8881; 6.00 ;-1.00; 1.00; -3.7094; 7.00 ;1.00; 1.00; -3.6424; 8.00 ;-1.00; 1.00; -4.0324; 9.00 ;1.00; 1.00; -3.9882; 
73; 1.00 ;-1.00; 1.00; -3.9028; 2.00 ;1.00; 1.00; -3.8480; 3.00 ;1.00; 1.00; -4.1179; 4.00 ;-1.00; 1.00; -4.0007; 5.00 ;1.00; 1.00; -3.9537; 6.00 ;-1.00; 1.00; -3.7894; 7.00 ;1.00; 1.00; -3.7271; 8.00 ;-1.00; 1.00; -4.0829; 9.00 ;1.00; 1.00; -4.0438; 
74; 1.00 ;-1.00; 1.00; -3.9670; 2.00 ;1.00; 1.00; -3.9171; 3.00 ;1.00; 1.00; -4.1567; 4.00 ;-1.00; 1.00; -4.0549; 5.00 ;1.00; 1.00; -4.0129; 6.00 ;-1.00; 1.00; -3.8634; 7.00 ;1.00; 1.00; -3.8058; 8.00 ;-1.00; 1.00; -4.1268; 9.00 ;1.00; 1.00; -4.0929; 
75; 1.00 ;-1.00; 1.00; -4.0248; 2.00 ;1.00; 1.00; -3.9799; 3.00 ;1.00; 1.00; -4.1888; 4.00 ;-1.00; 1.00; -4.1026; 5.00 ;1.00; 1.00; -4.0657; 6.00 ;-1.00; 1.00; -3.9311; 7.00 ;1.00; 1.00; -3.8785; 8.00 ;-1.00; 1.00; -4.1642; 9.00 ;1.00; 1.00; -4.1354; 
76; 1.00 ;-1.00; 1.00; -4.0762; 2.00 ;1.00; 1.00; -4.0364; 3.00 ;1.00; 1.00; -4.2142; 4.00 ;-1.00; 1.00; -4.1437; 5.00 ;1.00; 1.00; -4.1120; 6.00 ;-1.00; 1.00; -3.9926; 7.00 ;1.00; 1.00; -3.9449; 8.00 ;-1.00; 1.00; -4.1948; 9.00 ;1.00; 1.00; -4.1713; 
77; 1.00 ;-1.00; 1.00; -4.1211; 2.00 ;1.00; 1.00; -4.0864; 3.00 ;1.00; 1.00; -4.2328; 4.00 ;-1.00; 1.00; -4.1782; 5.00 ;1.00; 1.00; -4.1517; 6.00 ;-1.00; 1.00; -4.0477; 7.00 ;1.00; 1.00; -4.0050; 8.00 ;-1.00; 1.00; -4.2188; 9.00 ;1.00; 1.00; -4.2005; 
78; 1.00 ;-1.00; 1.00; -4.1593; 2.00 ;1.00; 1.00; -4.1298; 3.00 ;1.00; 1.00; -4.2447; 4.00 ;-1.00; 1.00; -4.2060; 5.00 ;1.00; 1.00; -4.1847; 6.00 ;-1.00; 1.00; -4.0963; 7.00 ;1.00; 1.00; -4.0587; 8.00 ;-1.00; 1.00; -4.2360; 9.00 ;1.00; 1.00; -4.2230; 
79; 1.00 ;-1.00; 1.00; -4.1909; 2.00 ;1.00; 1.00; -4.1667; 3.00 ;1.00; 1.00; -4.2498; 4.00 ;-1.00; 1.00; -4.2270; 5.00 ;1.00; 1.00; -4.2110; 6.00 ;-1.00; 1.00; -4.1383; 7.00 ;1.00; 1.00; -4.1059; 8.00 ;-1.00; 1.00; -4.2464; 9.00 ;1.00; 1.00; -4.2388; 
80; 1.00 ;-1.00; 1.00; -4.2158; 2.00 ;1.00; 1.00; -4.1969; 3.00 ;1.00; 1.00; -4.2481; 4.00 ;-1.00; 1.00; -4.2413; 5.00 ;1.00; 1.00; -4.2306; 6.00 ;-1.00; 1.00; -4.1737; 7.00 ;1.00; 1.00; -4.1465; 8.00 ;-1.00; 1.00; -4.2500; 9.00 ;1.00; 1.00; -4.2477; 
81; 1.00 ;-1.00; 1.00; -4.2340; 2.00 ;1.00; 1.00; -4.2203; 3.00 ;1.00; 1.00; -4.2395; 4.00 ;-1.00; 1.00; -4.2488; 5.00 ;1.00; 1.00; -4.2435; 6.00 ;-1.00; 1.00; -4.2025; 7.00 ;1.00; 1.00; -4.1805; 8.00 ;-1.00; 1.00; -4.2468; 9.00 ;1.00; 1.00; -4.2499; 
82; 1.00 ;-1.00; 1.00; -4.2453; 2.00 ;1.00; 1.00; -4.2370; 3.00 ;1.00; 1.00; -4.2242; 4.00 ;-1.00; 1.00; -4.2495; 5.00 ;1.00; 1.00; -4.2495; 6.00 ;-1.00; 1.00; -4.2245; 7.00 ;1.00; 1.00; -4.2078; 8.00 ;-1.00; 1.00; -4.2368; 9.00 ;1.00; 1.00; -4.2452; 
83; 1.00 ;-1.00; 1.00; -4.2499; 2.00 ;1.00; 1.00; -4.2469; 3.00 ;1.00; 1.00; -4.2021; 4.00 ;-1.00; 1.00; -4.2433; 5.00 ;1.00; 1.00; -4.2487; 6.00 ;-1.00; 1.00; -4.2397; 7.00 ;1.00; 1.00; -4.2283; 8.00 ;-1.00; 1.00; -4.2200; 9.00 ;1.00; 1.00; -4.2338; 
84; 1.00 ;-1.00; 1.00; -4.2477; 2.00 ;1.00; 1.00; -4.2500; 3.00 ;1.00; 1.00; -4.1733; 4.00 ;-1.00; 1.00; -4.2304; 5.00 ;1.00; 1.00; -4.2411; 6.00 ;-1.00; 1.00; -4.2481; 7.00 ;1.00; 1.00; -4.2421; 8.00 ;-1.00; 1.00; -4.1965; 9.00 ;1.00; 1.00; -4.2155; 
85; 1.00 ;-1.00; 1.00; -4.2386; 2.00 ;1.00; 1.00; -4.2463; 3.00 ;1.00; 1.00; -4.1378; 4.00 ;-1.00; 1.00; -4.2107; 5.00 ;1.00; 1.00; -4.2268; 6.00 ;-1.00; 1.00; -4.2498; 7.00 ;1.00; 1.00; -4.2491; 8.00 ;-1.00; 1.00; -4.1662; 9.00 ;1.00; 1.00; -4.1906; 
86; 1.00 ;-1.00; 1.00; -4.2228; 2.00 ;1.00; 1.00; -4.2358; 3.00 ;1.00; 1.00; -4.0957; 4.00 ;-1.00; 1.00; -4.1843; 5.00 ;1.00; 1.00; -4.2056; 6.00 ;-1.00; 1.00; -4.2446; 7.00 ;1.00; 1.00; -4.2492; 8.00 ;-1.00; 1.00; -4.1293; 9.00 ;1.00; 1.00; -4.1589; 
87; 1.00 ;-1.00; 1.00; -4.2002; 2.00 ;1.00; 1.00; -4.2185; 3.00 ;1.00; 1.00; -4.0470; 4.00 ;-1.00; 1.00; -4.1512; 5.00 ;1.00; 1.00; -4.1777; 6.00 ;-1.00; 1.00; -4.2326; 7.00 ;1.00; 1.00; -4.2426; 8.00 ;-1.00; 1.00; -4.0858; 9.00 ;1.00; 1.00; -4.1205; 
88; 1.00 ;-1.00; 1.00; -4.1709; 2.00 ;1.00; 1.00; -4.1945; 3.00 ;1.00; 1.00; -3.9918; 4.00 ;-1.00; 1.00; -4.1114; 5.00 ;1.00; 1.00; -4.1432; 6.00 ;-1.00; 1.00; -4.2139; 7.00 ;1.00; 1.00; -4.2292; 8.00 ;-1.00; 1.00; -4.0357; 9.00 ;1.00; 1.00; -4.0755; 
89; 1.00 ;-1.00; 1.00; -4.1349; 2.00 ;1.00; 1.00; -4.1637; 3.00 ;1.00; 1.00; -3.9303; 4.00 ;-1.00; 1.00; -4.0650; 5.00 ;1.00; 1.00; -4.1020; 6.00 ;-1.00; 1.00; -4.1884; 7.00 ;1.00; 1.00; -4.2090; 8.00 ;-1.00; 1.00; -3.9791; 9.00 ;1.00; 1.00; -4.0241; 
90; 1.00 ;-1.00; 1.00; -4.0923; 2.00 ;1.00; 1.00; -4.1263; 3.00 ;1.00; 1.00; -3.8624; 4.00 ;-1.00; 1.00; -4.0121; 5.00 ;1.00; 1.00; -4.0542; 6.00 ;-1.00; 1.00; -4.1562; 7.00 ;1.00; 1.00; -4.1820; 8.00 ;-1.00; 1.00; -3.9162; 9.00 ;1.00; 1.00; -3.9661; 
91; 1.00 ;-1.00; 1.00; -4.0431; 2.00 ;1.00; 1.00; -4.0822; 3.00 ;1.00; 1.00; -3.7884; 4.00 ;-1.00; 1.00; -3.9528; 5.00 ;1.00; 1.00; -3.9999; 6.00 ;-1.00; 1.00; -4.1174; 7.00 ;1.00; 1.00; -4.1484; 8.00 ;-1.00; 1.00; -3.8470; 9.00 ;1.00; 1.00; -3.9019; 
92; 1.00 ;-1.00; 1.00; -3.9874; 2.00 ;1.00; 1.00; -4.0317; 3.00 ;1.00; 1.00; -3.7083; 4.00 ;-1.00; 1.00; -3.8872; 5.00 ;1.00; 1.00; -3.9393; 6.00 ;-1.00; 1.00; -4.0719; 7.00 ;1.00; 1.00; -4.1081; 8.00 ;-1.00; 1.00; -3.7717; 9.00 ;1.00; 1.00; -3.8313; 
93; 1.00 ;-1.00; 1.00; -3.9254; 2.00 ;1.00; 1.00; -3.9746; 3.00 ;1.00; 1.00; -3.6222; 4.00 ;-1.00; 1.00; -3.8154; 5.00 ;1.00; 1.00; -3.8723; 6.00 ;-1.00; 1.00; -4.0199; 7.00 ;1.00; 1.00; -4.0613; 8.00 ;-1.00; 1.00; -3.6903; 9.00 ;1.00; 1.00; -3.7547; 
94; 1.00 ;-1.00; 1.00; -3.8571; 2.00 ;1.00; 1.00; -3.9112; 3.00 ;1.00; 1.00; -3.5304; 4.00 ;-1.00; 1.00; -3.7374; 5.00 ;1.00; 1.00; -3.7991; 6.00 ;-1.00; 1.00; -3.9615; 7.00 ;1.00; 1.00; -4.0079; 8.00 ;-1.00; 1.00; -3.6030; 9.00 ;1.00; 1.00; -3.6720; 
95; 1.00 ;-1.00; 1.00; -3.7826; 2.00 ;1.00; 1.00; -3.8416; 3.00 ;1.00; 1.00; -3.4329; 4.00 ;-1.00; 1.00; -3.6534; 5.00 ;1.00; 1.00; -3.7198; 6.00 ;-1.00; 1.00; -3.8968; 7.00 ;1.00; 1.00; -3.9481; 8.00 ;-1.00; 1.00; -3.5099; 9.00 ;0.99; 0.99; -3.5834; 
96; 1.00 ;-1.00; 1.00; -3.7020; 2.00 ;1.00; 1.00; -3.7658; 3.00 ;1.00; 1.00; -3.3299; 4.00 ;-0.99; 0.99; -3.5636; 5.00 ;0.99; 1.00; -3.6346; 6.00 ;-1.00; 1.00; -3.8258; 7.00 ;1.00; 1.00; -3.8820; 8.00 ;-0.99; 0.99; -3.4112; 9.00 ;0.99; 0.99; -3.4891; 
97; 1.00 ;-0.99; 1.00; -3.6155; 2.00 ;1.00; 1.00; -3.6839; 3.00 ;1.00; 1.00; -3.2216; 4.00 ;-0.99; 0.99; -3.4681; 5.00 ;0.99; 0.99; -3.5436; 6.00 ;-1.00; 1.00; -3.7487; 7.00 ;1.00; 1.00; -3.8097; 8.00 ;-0.99; 0.99; -3.3070; 9.00 ;0.99; 0.99; -3.3893; 
98; 1.00 ;-0.99; 0.99; -3.5233; 2.00 ;0.99; 1.00; -3.5962; 3.00 ;1.00; 1.00; -3.1081; 4.00 ;-0.99; 0.99; -3.3671; 5.00 ;0.99; 0.99; -3.4469; 6.00 ;-1.00; 1.00; -3.6656; 7.00 ;1.00; 1.00; -3.7313; 8.00 ;-0.99; 0.99; -3.1976; 9.00 ;0.99; 0.99; -3.2840; 
99; 1.00 ;-0.99; 0.99; -3.4254; 2.00 ;0.99; 0.99; -3.5027; 3.00 ;1.00; 1.00; -2.9896; 4.00 ;-0.99; 0.99; -3.2606; 5.00 ;0.99; 0.99; -3.3446; 6.00 ;-1.00; 1.00; -3.5766; 7.00 ;1.00; 1.00; -3.6469; 8.00 ;-0.99; 0.99; -3.0830; 9.00 ;0.99; 0.99; -3.1734; 
100; 1.00 ;-0.99; 0.99; -3.3220; 2.00 ;0.99; 0.99; -3.4036; 3.00 ;1.00; 1.00; -2.8664; 4.00 ;-0.99; 0.99; -3.1489; 5.00 ;0.99; 0.99; -3.2370; 6.00 ;-1.00; 1.00; -3.4818; 7.00 ;1.00; 1.00; -3.5567; 8.00 ;-0.99; 0.99; -2.9635; 9.00 ;0.99; 0.99; -3.0577; 
101; 1.00 ;-0.99; 0.99; -3.2132; 2.00 ;0.99; 0.99; -3.2990; 3.00 ;1.00; 1.00; -2.7385; 4.00 ;-0.99; 0.99; -3.0322; 5.00 ;0.99; 0.99; -3.1243; 6.00 ;-0.99; 0.99; -3.3816; 7.00 ;0.99; 1.00; -3.4607; 8.00 ;-0.99; 0.99; -2.8393; 9.00 ;0.99; 0.99; -2.9372; 
102; 1.00 ;-0.99; 0.99; -3.0994; 2.00 ;0.99; 0.99; -3.1892; 3.00 ;1.00; 1.00; -2.6063; 4.00 ;-0.99; 0.99; -2.9107; 5.00 ;0.99; 0.99; -3.0065; 6.00 ;-0.99; 0.99; -3.2758; 7.00 ;0.99; 1.00; -3.3593; 8.00 ;-0.99; 0.99; -2.7105; 9.00 ;0.99; 0.99; -2.8119; 
103; 1.00 ;-0.99; 0.99; -2.9805; 2.00 ;0.99; 0.99; -3.0742; 3.00 ;1.00; 1.00; -2.4699; 4.00 ;-0.99; 0.99; -2.7844; 5.00 ;0.99; 0.99; -2.8839; 6.00 ;-0.99; 0.99; -3.1649; 7.00 ;0.99; 1.00; -3.2524; 8.00 ;-0.99; 0.99; -2.5773; 9.00 ;0.99; 0.99; -2.6822; 
104; 1.00 ;-0.99; 0.99; -2.8569; 2.00 ;0.99; 0.99; -2.9544; 3.00 ;1.00; 1.00; -2.3295; 4.00 ;-0.99; 0.99; -2.6537; 5.00 ;0.99; 0.99; -2.7567; 6.00 ;-0.99; 0.99; -3.0489; 7.00 ;0.99; 0.99; -3.1404; 8.00 ;-0.99; 0.99; -2.4400; 9.00 ;0.99; 0.99; -2.5481; 
105; 1.00 ;-0.99; 0.99; -2.7288; 2.00 ;0.99; 0.99; -2.8298; 3.00 ;1.00; 1.00; -2.1855; 4.00 ;-0.99; 0.99; -2.5188; 5.00 ;0.99; 0.99; -2.6251; 6.00 ;-0.99; 0.99; -2.9280; 7.00 ;0.99; 0.99; -3.0233; 8.00 ;-0.99; 0.99; -2.2989; 9.00 ;0.98; 0.99; -2.4100; 
106; 1.00 ;-0.99; 0.99; -2.5962; 2.00 ;0.99; 0.99; -2.7006; 3.00 ;1.00; 1.00; -2.0379; 4.00 ;-0.98; 0.98; -2.3798; 5.00 ;0.99; 0.99; -2.4892; 6.00 ;-0.99; 0.99; -2.8024; 7.00 ;0.99; 0.99; -2.9013; 8.00 ;-0.98; 0.98; -2.1540; 9.00 ;0.98; 0.98; -2.2680; 
107; 1.00 ;-0.99; 0.99; -2.4595; 2.00 ;0.99; 0.99; -2.5672; 3.00 ;1.00; 1.00; -1.8870; 4.00 ;-0.98; 0.98; -2.2370; 5.00 ;0.98; 0.98; -2.3494; 6.00 ;-0.99; 0.99; -2.6723; 7.00 ;0.99; 0.99; -2.7748; 8.00 ;-0.98; 0.98; -2.0057; 9.00 ;0.98; 0.98; -2.1224; 
108; 1.00 ;-0.98; 0.98; -2.3189; 2.00 ;0.99; 0.99; -2.4296; 3.00 ;1.00; 1.00; -1.7331; 4.00 ;-0.98; 0.98; -2.0906; 5.00 ;0.98; 0.98; -2.2058; 6.00 ;-0.99; 0.99; -2.5379; 7.00 ;0.99; 0.99; -2.6437; 8.00 ;-0.97; 0.98; -1.8542; 9.00 ;0.97; 0.97; -1.9734; 
109; 1.00 ;-0.98; 0.98; -2.1745; 2.00 ;0.98; 0.98; -2.2881; 3.00 ;1.00; 1.00; -1.5765; 4.00 ;-0.97; 0.97; -1.9409; 5.00 ;0.98; 0.98; -2.0587; 6.00 ;-0.99; 0.99; -2.3995; 7.00 ;0.99; 0.99; -2.5085; 8.00 ;-0.97; 0.97; -1.6997; 9.00 ;0.96; 0.97; -1.8212; 
110; 1.00 ;-0.97; 0.98; -2.0267; 2.00 ;0.98; 0.98; -2.1430; 3.00 ;1.00; 1.00; -1.4173; 4.00 ;-0.96; 0.96; -1.7881; 5.00 ;0.97; 0.97; -1.9083; 6.00 ;-0.99; 0.99; -2.2572; 7.00 ;0.99; 0.99; -2.3692; 8.00 ;-0.96; 0.96; -1.5425; 9.00 ;0.95; 0.95; -1.6661; 
111; 1.00 ;-0.97; 0.97; -1.8756; 2.00 ;0.97; 0.97; -1.9944; 3.00 ;1.00; 1.00; -1.2559; 4.00 ;-0.95; 0.95; -1.6324; 5.00 ;0.96; 0.96; -1.7549; 6.00 ;-0.98; 0.98; -2.1113; 7.00 ;0.99; 0.99; -2.2262; 8.00 ;-0.94; 0.94; -1.3828; 9.00 ;0.93; 0.94; -1.5083; 
112; 1.00 ;-0.96; 0.96; -1.7215; 2.00 ;0.97; 0.97; -1.8427; 3.00 ;1.00; 1.00; -1.0924; 4.00 ;-0.93; 0.93; -1.4741; 5.00 ;0.95; 0.95; -1.5986; 6.00 ;-0.98; 0.98; -1.9621; 7.00 ;0.98; 0.99; -2.0795; 8.00 ;-0.91; 0.92; -1.2209; 9.00 ;0.90; 0.90; -1.3482; 
113; 1.00 ;-0.94; 0.95; -1.5646; 2.00 ;0.96; 0.96; -1.6880; 3.00 ;1.00; 1.00; -0.9272; 4.00 ;-0.89; 0.90; -1.3134; 5.00 ;0.93; 0.93; -1.4397; 6.00 ;-0.97; 0.97; -1.8097; 7.00 ;0.98; 0.98; -1.9296; 8.00 ;-0.86; 0.87; -1.0570; 9.00 ;0.83; 0.84; -1.1858; 
114; 1.00 ;-0.92; 0.92; -1.4053; 2.00 ;0.94; 0.94; -1.5306; 3.00 ;1.00; 1.00; -0.7605; 4.00 ;-0.83; 0.84; -1.1507; 5.00 ;0.89; 0.90; -1.2786; 6.00 ;-0.97; 0.97; -1.6544; 7.00 ;0.98; 0.98; -1.7765; 8.00 ;-0.77; 0.78; -0.8915; 9.00 ;0.69; 0.72; -1.0216; 
115; 1.00 ;-0.88; 0.88; -1.2437; 2.00 ;0.91; 0.91; -1.3707; 3.00 ;1.00; 1.00; -0.5926; 4.00 ;-0.72; 0.75; -0.9861; 5.00 ;0.83; 0.85; -1.1154; 6.00 ;-0.95; 0.96; -1.4964; 7.00 ;0.97; 0.97; -1.6206; 8.00 ;-0.64; 0.66; -0.7245; 9.00 ;0.47; 0.54; -0.8557; 
116; 1.00 ;-0.80; 0.82; -1.0801; 2.00 ;0.86; 0.87; -1.2087; 3.00 ;1.00; 1.00; -0.4238; 4.00 ;-0.55; 0.64; -0.8199; 5.00 ;0.72; 0.75; -0.9505; 6.00 ;-0.94; 0.94; -1.3361; 7.00 ;0.96; 0.97; -1.4621; 8.00 ;-0.49; 0.52; -0.5564; 9.00 ;0.23; 0.39; -0.6885; 
117; 1.00 ;-0.66; 0.70; -0.9148; 2.00 ;0.78; 0.80; -1.0447; 3.00 ;1.00; 1.00; -0.2542; 4.00 ;-0.18; 0.46; -0.6524; 5.00 ;0.47; 0.58; -0.7840; 6.00 ;-0.91; 0.91; -1.1736; 7.00 ;0.95; 0.96; -1.3013; 8.00 ;-0.27; 0.31; -0.3874; 9.00 ;-0.06; 0.40; -0.5201; 
118; 1.00 ;-0.38; 0.53; -0.7480; 2.00 ;0.64; 0.68; -0.8790; 3.00 ;1.00; 1.00; -0.0843; 4.00 ;0.03; 0.40; -0.4838; 5.00 ;0.14; 0.45; -0.6162; 6.00 ;-0.86; 0.87; -1.0092; 7.00 ;0.93; 0.94; -1.1384; 8.00 ;-0.16; 0.20; -0.2177; 9.00 ;-0.14; 0.38; -0.3509; 
119; 1.00 ;-0.09; 0.43; -0.5800; 2.00 ;0.39; 0.49; -0.7120; 3.00 ;1.00; 1.00; 0.0858; 4.00 ;0.03; 0.34; -0.3145; 5.00 ;-0.00; 0.40; -0.4475; 6.00 ;-0.78; 0.80; -0.8432; 7.00 ;0.90; 0.92; -0.9736; 8.00 ;-0.11; 0.15; -0.0477; 9.00 ;-0.10; 0.31; -0.1812; 
120; 1.00 ;0.03; 0.43; -0.4111; 2.00 ;0.16; 0.32; -0.5438; 3.00 ;1.00; 1.00; 0.2557; 4.00 ;0.01; 0.30; -0.1447; 5.00 ;-0.02; 0.31; -0.2780; 6.00 ;-0.64; 0.68; -0.6759; 7.00 ;0.82; 0.87; -0.8073; 8.00 ;-0.08; 0.11; 0.1223; 9.00 ;-0.07; 0.24; -0.0112; 
121; 1.00 ;-0.00; 0.30; -0.2415; 2.00 ;0.00; 0.43; -0.3747; 3.00 ;1.00; 1.00; 0.4252; 4.00 ;0.00; 0.24; 0.0254; 5.00 ;0.00; 0.27; -0.1081; 6.00 ;-0.00; 0.26; -0.5075; 7.00 ;0.00; 0.80; -0.6398; 8.00 ;-0.05; 0.08; 0.2922; 9.00 ;-0.04; 0.18; 0.1589; 
122; 1.00 ;-0.00; 0.25; -0.0716; 2.00 ;0.00; 0.35; -0.2050; 3.00 ;1.00; 1.00; 0.5941; 4.00 ;0.00; 0.19; 0.1954; 5.00 ;0.00; 0.22; 0.0620; 6.00 ;-0.00; 0.23; -0.3382; 7.00 ;0.00; 0.73; -0.4711; 8.00 ;-0.04; 0.06; 0.4616; 9.00 ;-0.03; 0.14; 0.3287; 
123; 1.00 ;-0.00; 0.20; 0.0985; 2.00 ;-0.00; 0.27; -0.0350; 3.00 ;1.00; 1.00; 0.7620; 4.00 ;0.00; 0.15; 0.3651; 5.00 ;0.00; 0.17; 0.2319; 6.00 ;0.00; 0.20; -0.1685; 7.00 ;0.00; 0.63; -0.3018; 8.00 ;-0.03; 0.05; 0.6303; 9.00 ;-0.02; 0.11; 0.4979; 
124; 1.00 ;-0.00; 0.17; 0.2684; 2.00 ;-0.00; 0.21; 0.1351; 3.00 ;1.00; 1.00; 0.9287; 4.00 ;0.00; 0.11; 0.5342; 5.00 ;0.00; 0.13; 0.4015; 6.00 ;0.00; 0.18; 0.0016; 7.00 ;0.00; 0.50; -0.1319; 8.00 ;-0.02; 0.04; 0.7979; 9.00 ;-0.01; 0.08; 0.6664; 
125; 1.00 ;-0.00; 0.13; 0.4379; 2.00 ;-0.00; 0.16; 0.3049; 3.00 ;1.00; 1.00; 1.0938; 4.00 ;0.00; 0.09; 0.7025; 5.00 ;0.00; 0.11; 0.5705; 6.00 ;0.00; 0.16; 0.1716; 7.00 ;0.00; 0.37; 0.0381; 8.00 ;-0.02; 0.03; 0.9643; 9.00 ;-0.01; 0.06; 0.8338; 
126; 1.00 ;-0.00; 0.10; 0.6067; 2.00 ;-0.00; 0.12; 0.4743; 3.00 ;1.00; 1.00; 1.2573; 4.00 ;0.00; 0.07; 0.8696; 5.00 ;0.00; 0.08; 0.7385; 6.00 ;0.00; 0.14; 0.3414; 7.00 ;0.00; 0.26; 0.2082; 8.00 ;-0.01; 0.03; 1.1291; 9.00 ;-0.01; 0.05; 0.9999; 
127; 1.00 ;-0.00; 0.08; 0.7745; 2.00 ;-0.00; 0.10; 0.6429; 3.00 ;1.00; 1.00; 1.4187; 4.00 ;0.00; 0.05; 1.0354; 5.00 ;0.00; 0.06; 0.9054; 6.00 ;0.00; 0.11; 0.5106; 7.00 ;0.00; 0.19; 0.3778; 8.00 ;-0.01; 0.02; 1.2922; 9.00 ;-0.00; 0.04; 1.1643; 
128; 1.00 ;-0.00; 0.06; 0.9411; 2.00 ;-0.00; 0.07; 0.8104; 3.00 ;1.00; 1.00; 1.5779; 4.00 ;0.00; 0.04; 1.1995; 5.00 ;0.00; 0.05; 1.0708; 6.00 ;0.00; 0.09; 0.6790; 7.00 ;0.00; 0.13; 0.5469; 8.00 ;-0.01; 0.02; 1.4531; 9.00 ;-0.00; 0.03; 1.3269; 
129; 1.00 ;-0.00; 0.05; 1.1062; 2.00 ;-0.00; 0.06; 0.9767; 3.00 ;1.00; 1.00; 1.7345; 4.00 ;0.00; 0.04; 1.3616; 5.00 ;0.00; 0.04; 1.2345; 6.00 ;0.00; 0.07; 0.8463; 7.00 ;0.00; 0.10; 0.7151; 8.00 ;-0.01; 0.02; 1.6117; 9.00 ;-0.00; 0.03; 1.4874; 
130; 1.00 ;-0.00; 0.04; 1.2695; 2.00 ;-0.00; 0.05; 1.1414; 3.00 ;1.00; 1.00; 1.8883; 4.00 ;0.00; 0.03; 1.5216; 5.00 ;0.00; 0.03; 1.3962; 6.00 ;0.00; 0.06; 1.0123; 7.00 ;0.00; 0.07; 0.8821; 8.00 ;-0.00; 0.01; 1.7678; 9.00 ;-0.00; 0.02; 1.6455; 
131; 1.00 ;-0.00; 0.03; 1.4307; 2.00 ;-0.00; 0.04; 1.3043; 3.00 ;1.00; 1.00; 2.0391; 4.00 ;0.00; 0.03; 1.6792; 5.00 ;0.00; 0.03; 1.5557; 6.00 ;0.00; 0.05; 1.1766; 7.00 ;0.00; 0.06; 1.0478; 8.00 ;-0.00; 0.01; 1.9210; 9.00 ;-0.00; 0.02; 1.8010; 
132; 1.00 ;-0.00; 0.03; 1.5897; 2.00 ;-0.00; 0.03; 1.4651; 3.00 ;1.00; 1.00; 2.1867; 4.00 ;0.00; 0.02; 1.8340; 5.00 ;0.00; 0.02; 1.7127; 6.00 ;0.00; 0.04; 1.3391; 7.00 ;0.00; 0.05; 1.2117; 8.00 ;-0.00; 0.01; 2.0712; 9.00 ;-0.00; 0.02; 1.9536; 
133; 1.00 ;-0.00; 0.02; 1.7461; 2.00 ;-0.00; 0.03; 1.6235; 3.00 ;1.00; 1.00; 2.3308; 4.00 ;0.00; 0.02; 1.9860; 5.00 ;0.00; 0.02; 1.8670; 6.00 ;0.00; 0.03; 1.4994; 7.00 ;0.00; 0.04; 1.3737; 8.00 ;-0.00; 0.01; 2.2180; 9.00 ;-0.00; 0.02; 2.1030; 
134; 1.00 ;-0.00; 0.02; 1.8997; 2.00 ;-0.00; 0.02; 1.7794; 3.00 ;1.00; 1.00; 2.4711; 4.00 ;0.00; 0.02; 2.1347; 5.00 ;0.00; 0.02; 2.0182; 6.00 ;0.00; 0.03; 1.6573; 7.00 ;0.00; 0.03; 1.5335; 8.00 ;-0.00; 0.01; 2.3612; 9.00 ;-0.00; 0.01; 2.2491; 
135; 1.00 ;-0.00; 0.02; 2.0503; 2.00 ;-0.00; 0.02; 1.9324; 3.00 ;1.00; 1.00; 2.6074; 4.00 ;0.00; 0.01; 2.2800; 5.00 ;0.00; 0.02; 2.1662; 6.00 ;0.00; 0.02; 1.8125; 7.00 ;0.00; 0.03; 1.6909; 8.00 ;-0.00; 0.01; 2.5007; 9.00 ;-0.00; 0.01; 2.3916; 
136; 1.00 ;-0.00; 0.02; 2.1976; 2.00 ;-0.00; 0.02; 2.0823; 3.00 ;1.00; 1.00; 2.7396; 4.00 ;0.00; 0.01; 2.4217; 5.00 ;0.00; 0.01; 2.3108; 6.00 ;0.00; 0.02; 1.9649; 7.00 ;0.00; 0.02; 1.8455; 8.00 ;-0.00; 0.01; 2.6362; 9.00 ;-0.00; 0.01; 2.5302; 
137; 1.00 ;-0.00; 0.01; 2.3414; 2.00 ;-0.00; 0.02; 2.2288; 3.00 ;1.00; 1.00; 2.8674; 4.00 ;0.00; 0.01; 2.5595; 5.00 ;0.00; 0.01; 2.4517; 6.00 ;0.00; 0.02; 2.1141; 7.00 ;-0.00; 0.02; 1.9972; 8.00 ;-0.00; 0.01; 2.7675; 9.00 ;-0.00; 0.01; 2.6648; 
138; 1.00 ;-0.00; 0.01; 2.4814; 2.00 ;-0.00; 0.01; 2.3718; 3.00 ;1.00; 1.00; 2.9907; 4.00 ;0.00; 0.01; 2.6932; 5.00 ;0.00; 0.01; 2.5886; 6.00 ;0.00; 0.01; 2.2599; 7.00 ;0.00; 0.02; 2.1457; 8.00 ;-0.00; 0.01; 2.8943; 9.00 ;-0.00; 0.01; 2.7951; 
139; 1.00 ;-0.00; 0.01; 2.6175; 2.00 ;-0.00; 0.01; 2.5110; 3.00 ;1.00; 1.00; 3.1091; 4.00 ;0.00; 0.01; 2.8226; 5.00 ;0.00; 0.01; 2.7214; 6.00 ;0.00; 0.01; 2.4021; 7.00 ;0.00; 0.01; 2.2908; 8.00 ;-0.00; 0.01; 3.0165; 9.00 ;-0.00; 0.01; 2.9210; 
140; 1.00 ;-0.00; 0.01; 2.7494; 2.00 ;-0.00; 0.01; 2.6462; 3.00 ;1.00; 1.00; 3.2225; 4.00 ;0.00; 0.01; 2.9474; 5.00 ;0.00; 0.01; 2.8498; 6.00 ;0.00; 0.01; 2.5405; 7.00 ;0.00; 0.01; 2.4322; 8.00 ;-0.00; 0.01; 3.1339; 9.00 ;-0.00; 0.01; 3.0422; 
141; 1.00 ;-0.00; 0.01; 2.8768; 2.00 ;-0.00; 0.01; 2.7772; 3.00 ;1.00; 1.00; 3.3308; 4.00 ;0.00; 0.01; 3.0676; 5.00 ;0.00; 0.01; 2.9737; 6.00 ;0.00; 0.01; 2.6747; 7.00 ;0.00; 0.01; 2.5697; 8.00 ;-0.00; 0.01; 3.2462; 9.00 ;-0.00; 0.01; 3.1585; 
142; 1.00 ;-0.00; 0.01; 2.9997; 2.00 ;-0.00; 0.01; 2.9037; 3.00 ;1.00; 1.00; 3.4337; 4.00 ;0.00; 0.01; 3.1828; 5.00 ;0.00; 0.01; 3.0928; 6.00 ;0.00; 0.01; 2.8047; 7.00 ;-0.00; 0.01; 2.7031; 8.00 ;-0.00; 0.01; 3.3534; 9.00 ;-0.00; 0.01; 3.2697; 
143; 1.00 ;-0.00; 0.01; 3.1178; 2.00 ;-0.00; 0.01; 3.0255; 3.00 ;1.00; 1.00; 3.5312; 4.00 ;0.00; 0.01; 3.2930; 5.00 ;0.00; 0.01; 3.2069; 6.00 ;0.00; 0.01; 2.9302; 7.00 ;0.00; 0.01; 2.8321; 8.00 ;-0.00; 0.00; 3.4552; 9.00 ;-0.00; 0.01; 3.3757; 
144; 1.00 ;-0.00; 0.01; 3.2308; 2.00 ;-0.00; 0.01; 3.1425; 3.00 ;1.00; 1.00; 3.6230; 4.00 ;0.00; 0.01; 3.3978; 5.00 ;0.00; 0.01; 3.3160; 6.00 ;-0.00; 0.01; 3.0511; 7.00 ;-0.00; 0.01; 2.9566; 8.00 ;-0.00; 0.00; 3.5514; 9.00 ;-0.00; 0.01; 3.4763; 
145; 1.00 ;-0.00; 0.01; 3.3387; 2.00 ;-0.00; 0.01; 3.2545; 3.00 ;1.00; 1.00; 3.7090; 4.00 ;0.00; 0.01; 3.4972; 5.00 ;0.00; 0.01; 3.4197; 6.00 ;0.00; 0.01; 3.1670; 7.00 ;-0.00; 0.01; 3.0764; 8.00 ;-0.00; 0.00; 3.6420; 9.00 ;-0.00; 0.01; 3.5714; 
146; 1.00 ;-0.00; 0.01; 3.4412; 2.00 ;-0.00; 0.01; 3.3612; 3.00 ;1.00; 1.00; 3.7890; 4.00 ;0.00; 0.01; 3.5911; 5.00 ;0.00; 0.01; 3.5179; 6.00 ;-0.00; 0.01; 3.2779; 7.00 ;0.00; 0.01; 3.1913; 8.00 ;-0.00; 0.00; 3.7267; 9.00 ;-0.00; 0.01; 3.6607; 
147; 1.00 ;-0.00; 0.01; 3.5383; 2.00 ;-0.00; 0.01; 3.4626; 3.00 ;1.00; 1.00; 3.8630; 4.00 ;0.00; 0.01; 3.6791; 5.00 ;0.00; 0.01; 3.6105; 6.00 ;0.00; 0.01; 3.3835; 7.00 ;0.00; 0.01; 3.3010; 8.00 ;-0.00; 0.00; 3.8055; 9.00 ;-0.00; 0.01; 3.7441; 
148; 1.00 ;-0.00; 0.01; 3.6296; 2.00 ;-0.00; 0.01; 3.5584; 3.00 ;1.00; 1.00; 3.9308; 4.00 ;0.00; 0.01; 3.7613; 5.00 ;0.00; 0.01; 3.6973; 6.00 ;-0.00; 0.01; 3.4837; 7.00 ;0.00; 0.01; 3.4055; 8.00 ;-0.00; 0.00; 3.8781; 9.00 ;-0.00; 0.01; 3.8216; 
149; 1.00 ;-0.00; 0.01; 3.7152; 2.00 ;-0.00; 0.01; 3.6485; 3.00 ;1.00; 1.00; 3.9923; 4.00 ;0.00; 0.01; 3.8375; 5.00 ;0.00; 0.01; 3.7782; 6.00 ;-0.00; 0.01; 3.5783; 7.00 ;-0.00; 0.01; 3.5045; 8.00 ;-0.00; 0.00; 3.9446; 9.00 ;-0.00; 0.00; 3.8929; 
150; 1.00 ;-0.00; 0.01; 3.7948; 2.00 ;-0.00; 0.01; 3.7328; 3.00 ;1.00; 1.00; 4.0474; 4.00 ;0.00; 0.01; 3.9075; 5.00 ;0.00; 0.01; 3.8530; 6.00 ;0.00; 0.01; 3.6672; 7.00 ;0.00; 0.01; 3.5979; 8.00 ;-0.00; 0.00; 4.0047; 9.00 ;-0.00; 0.00; 3.9580; 
151; 1.00 ;-0.00; 0.01; 3.8683; 2.00 ;-0.00; 0.01; 3.8111; 3.00 ;1.00; 1.00; 4.0961; 4.00 ;0.00; 0.00; 3.9712; 5.00 ;0.00; 0.01; 3.9217; 6.00 ;-0.00; 0.01; 3.7502; 7.00 ;-0.00; 0.01; 3.6855; 8.00 ;-0.00; 0.00; 4.0584; 9.00 ;-0.00; 0.00; 4.0168; 
152; 1.00 ;-0.00; 0.01; 3.9357; 2.00 ;-0.00; 0.01; 3.8833; 3.00 ;1.00; 1.00; 4.1381; 4.00 ;0.00; 0.00; 4.0286; 5.00 ;0.00; 0.00; 3.9841; 6.00 ;0.00; 0.01; 3.8272; 7.00 ;0.00; 0.01; 3.7672; 8.00 ;-0.00; 0.00; 4.1057; 9.00 ;-0.00; 0.00; 4.0691; 
153; 1.00 ;-0.00; 0.00; 3.9967; 2.00 ;-0.00; 0.01; 3.9493; 3.00 ;1.00; 1.00; 4.1736; 4.00 ;0.00; 0.00; 4.0795; 5.00 ;0.00; 0.00; 4.0401; 6.00 ;-0.00; 0.01; 3.8980; 7.00 ;0.00; 0.01; 3.8429; 8.00 ;-0.00; 0.00; 4.1463; 9.00 ;-0.00; 0.00; 4.1150; 
154; 1.00 ;-0.00; 0.00; 4.0513; 2.00 ;-0.00; 0.00; 4.0090; 3.00 ;1.00; 1.00; 4.2023; 4.00 ;0.00; 0.00; 4.1240; 5.00 ;0.00; 0.00; 4.0897; 6.00 ;0.00; 0.01; 3.9627; 7.00 ;0.00; 0.01; 3.9125; 8.00 ;-0.00; 0.00; 4.1803; 9.00 ;-0.00; 0.00; 4.1542; 
155; 1.00 ;-0.00; 0.00; 4.0994; 2.00 ;-0.00; 0.00; 4.0622; 3.00 ;1.00; 1.00; 4.2244; 4.00 ;0.00; 0.00; 4.1618; 5.00 ;0.00; 0.00; 4.1326; 6.00 ;0.00; 0.00; 4.0210; 7.00 ;0.00; 0.00; 3.9757; 8.00 ;-0.00; 0.00; 4.2076; 9.00 ;-0.00; 0.00; 4.1868; 
156; 1.00 ;-0.00; 0.00; 4.1410; 2.00 ;-0.00; 0.00; 4.1089; 3.00 ;1.00; 1.00; 4.2396; 4.00 ;0.00; 0.00; 4.1929; 5.00 ;0.00; 0.00; 4.1690; 6.00 ;0.00; 0.00; 4.0728; 7.00 ;0.00; 0.00; 4.0327; 8.00 ;-0.00; 0.00; 4.2282; 9.00 ;-0.00; 0.00; 4.2126; 
157; 1.00 ;-0.00; 0.00; 4.1760; 2.00 ;-0.00; 0.00; 4.1491; 3.00 ;1.00; 1.00; 4.2481; 4.00 ;0.00; 0.00; 4.2173; 5.00 ;0.00; 0.00; 4.1987; 6.00 ;0.00; 0.00; 4.1181; 7.00 ;0.00; 0.00; 4.0831; 8.00 ;-0.00; 0.00; 4.2420; 9.00 ;-0.00; 0.00; 4.2318; 
158; 1.00 ;-0.00; 0.00; 4.2042; 2.00 ;-0.00; 0.00; 4.1826; 3.00 ;1.00; 1.00; 4.2498; 4.00 ;0.00; 0.00; 4.2350; 5.00 ;0.00; 0.00; 4.2217; 6.00 ;-0.00; 0.00; 4.1569; 7.00 ;-0.00; 0.00; 4.1270; 8.00 ;-0.00; 0.00; 4.2490; 9.00 ;-0.00; 0.00; 4.2441; 
159; 1.00 ;-0.00; 0.00; 4.2257; 2.00 ;-0.00; 0.00; 4.2094; 3.00 ;1.00; 1.00; 4.2446; 4.00 ;0.00; 0.00; 4.2459; 5.00 ;0.00; 0.00; 4.2379; 6.00 ;0.00; 0.00; 4.1889; 7.00 ;0.00; 0.00; 4.1643; 8.00 ;-0.00; 0.00; 4.2493; 9.00 ;-0.00; 0.00; 4.2497; 
160; 1.00 ;-0.00; 0.00; 4.2405; 2.00 ;-0.00; 0.00; 4.2295; 3.00 ;1.00; 1.00; 4.2327; 4.00 ;0.00; 0.00; 4.2500; 5.00 ;0.00; 0.00; 4.2473; 6.00 ;0.00; 0.00; 4.2143; 7.00 ;-0.00; 0.00; 4.1950; 8.00 ;-0.00; 0.00; 4.2427; 9.00 ;-0.00; 0.00; 4.2484; 
161; 1.00 ;-0.00; 0.00; 4.2485; 2.00 ;-0.00; 0.00; 4.2428; 3.00 ;1.00; 1.00; 4.2140; 4.00 ;0.00; 0.00; 4.2472; 5.00 ;0.00; 0.00; 4.2500; 6.00 ;0.00; 0.00; 4.2329; 7.00 ;0.00; 0.00; 4.2189; 8.00 ;-0.00; 0.00; 4.2293; 9.00 ;-0.00; 0.00; 4.2403; 
162; 1.00 ;-0.00; 0.00; 4.2496; 2.00 ;-0.00; 0.00; 4.2493; 3.00 ;1.00; 1.00; 4.1885; 4.00 ;0.00; 0.00; 4.2377; 5.00 ;0.00; 0.00; 4.2458; 6.00 ;0.00; 0.00; 4.2448; 7.00 ;0.00; 0.00; 4.2360; 8.00 ;-0.00; 0.00; 4.2091; 9.00 ;-0.00; 0.00; 4.2255; 
163; 1.00 ;-0.00; 0.00; 4.2440; 2.00 ;-0.00; 0.00; 4.2490; 3.00 ;1.00; 1.00; 4.1564; 4.00 ;0.00; 0.00; 4.2214; 5.00 ;0.00; 0.00; 4.2348; 6.00 ;-0.00; 0.00; 4.2498; 7.00 ;0.00; 0.00; 4.2464; 8.00 ;-0.00; 0.00; 4.1822; 9.00 ;-0.00; 0.00; 4.2039; 
164; 1.00 ;-0.00; 0.00; 4.2315; 2.00 ;-0.00; 0.00; 4.2419; 3.00 ;1.00; 1.00; 4.1176; 4.00 ;0.00; 0.00; 4.1984; 5.00 ;0.00; 0.00; 4.2170; 6.00 ;-0.00; 0.00; 4.2480; 7.00 ;-0.00; 0.00; 4.2500; 8.00 ;-0.00; 0.00; 4.1486; 9.00 ;-0.00; 0.00; 4.1755; 
165; 1.00 ;-0.00; 0.00; 4.2123; 2.00 ;-0.00; 0.00; 4.2280; 3.00 ;1.00; 1.00; 4.0721; 4.00 ;0.00; 0.00; 4.1686; 5.00 ;0.00; 0.00; 4.1925; 6.00 ;0.00; 0.00; 4.2395; 7.00 ;0.00; 0.00; 4.2468; 8.00 ;-0.00; 0.00; 4.1084; 9.00 ;-0.00; 0.00; 4.1405; 
166; 1.00 ;-0.00; 0.00; 4.1864; 2.00 ;-0.00; 0.00; 4.2073; 3.00 ;1.00; 1.00; 4.0202; 4.00 ;0.00; 0.00; 4.1321; 5.00 ;0.00; 0.00; 4.1613; 6.00 ;-0.00; 0.00; 4.2241; 7.00 ;-0.00; 0.00; 4.2367; 8.00 ;-0.00; 0.00; 4.0615; 9.00 ;-0.00; 0.00; 4.0988; 
167; 1.00 ;-0.00; 0.00; 4.1537; 2.00 ;-0.00; 0.00; 4.1799; 3.00 ;1.00; 1.00; 3.9618; 4.00 ;0.00; 0.00; 4.0890; 5.00 ;0.00; 0.00; 4.1234; 6.00 ;-0.00; 0.00; 4.2020; 7.00 ;0.00; 0.00; 4.2199; 8.00 ;-0.00; 0.00; 4.0082; 9.00 ;-0.00; 0.00; 4.0506; 
168; 1.00 ;-0.00; 0.00; 4.1144; 2.00 ;-0.00; 0.00; 4.1458; 3.00 ;1.00; 1.00; 3.8971; 4.00 ;0.00; 0.00; 4.0394; 5.00 ;0.00; 0.00; 4.0789; 6.00 ;-0.00; 0.00; 4.1731; 7.00 ;0.00; 0.00; 4.1964; 8.00 ;-0.00; 0.00; 3.9485; 9.00 ;-0.00; 0.00; 3.9959; 
169; 1.00 ;-0.00; 0.00; 4.0685; 2.00 ;-0.00; 0.00; 4.1051; 3.00 ;1.00; 1.00; 3.8262; 4.00 ;0.00; 0.00; 3.9833; 5.00 ;0.00; 0.00; 4.0279; 6.00 ;0.00; 0.00; 4.1376; 7.00 ;0.00; 0.00; 4.1661; 8.00 ;-0.00; 0.00; 3.8824; 9.00 ;-0.00; 0.00; 3.9348; 
170; 1.00 ;-0.00; 0.00; 4.0161; 2.00 ;-0.00; 0.00; 4.0578; 3.00 ;1.00; 1.00; 3.7491; 4.00 ;0.00; 0.01; 3.9208; 5.00 ;0.00; 0.00; 3.9704; 6.00 ;0.00; 0.00; 4.0954; 7.00 ;-0.00; 0.00; 4.1291; 8.00 ;-0.00; 0.00; 3.8101; 9.00 ;-0.00; 0.01; 3.8674; 
171; 1.00 ;-0.00; 0.01; 3.9572; 2.00 ;-0.00; 0.00; 4.0039; 3.00 ;1.00; 1.00; 3.6660; 4.00 ;0.00; 0.01; 3.8521; 5.00 ;0.00; 0.01; 3.9066; 6.00 ;0.00; 0.00; 4.0467; 7.00 ;-0.00; 0.00; 4.0855; 8.00 ;-0.00; 0.00; 3.7317; 9.00 ;-0.00; 0.01; 3.7938; 
172; 1.00 ;-0.00; 0.01; 3.8920; 2.00 ;-0.00; 0.01; 3.9437; 3.00 ;1.00; 1.00; 3.5770; 4.00 ;0.00; 0.01; 3.7771; 5.00 ;0.00; 0.01; 3.8365; 6.00 ;0.00; 0.00; 3.9915; 7.00 ;0.00; 0.00; 4.0354; 8.00 ;-0.00; 0.00; 3.6473; 9.00 ;-0.00; 0.01; 3.7141; 
173; 1.00 ;-0.00; 0.01; 3.8206; 2.00 ;-0.00; 0.01; 3.8772; 3.00 ;1.00; 1.00; 3.4823; 4.00 ;0.00; 0.01; 3.6962; 5.00 ;0.00; 0.01; 3.7602; 6.00 ;0.00; 0.01; 3.9299; 7.00 ;0.00; 0.00; 3.9788; 8.00 ;-0.00; 0.00; 3.5571; 9.00 ;-0.00; 0.01; 3.6284; 
174; 1.00 ;-0.00; 0.01; 3.7430; 2.00 ;-0.00; 0.01; 3.8044; 3.00 ;1.00; 1.00; 3.3821; 4.00 ;0.00; 0.01; 3.6093; 5.00 ;0.00; 0.01; 3.6780; 6.00 ;0.00; 0.01; 3.8621; 7.00 ;-0.00; 0.01; 3.9159; 8.00 ;-0.00; 0.00; 3.4612; 9.00 ;-0.00; 0.01; 3.5370; 
175; 1.00 ;-0.00; 0.01; 3.6595; 2.00 ;-0.00; 0.01; 3.7256; 3.00 ;1.00; 1.00; 3.2764; 4.00 ;0.00; 0.01; 3.5166; 5.00 ;0.00; 0.01; 3.5898; 6.00 ;0.00; 0.01; 3.7880; 7.00 ;-0.00; 0.01; 3.8467; 8.00 ;-0.00; 0.01; 3.3598; 9.00 ;-0.00; 0.01; 3.4399; 
176; 1.00 ;-0.00; 0.01; 3.5701; 2.00 ;-0.00; 0.01; 3.6408; 3.00 ;1.00; 1.00; 3.1655; 4.00 ;0.00; 0.01; 3.4183; 5.00 ;0.00; 0.01; 3.4959; 6.00 ;-0.00; 0.01; 3.7079; 7.00 ;-0.00; 0.01; 3.7713; 8.00 ;-0.00; 0.01; 3.2530; 9.00 ;-0.00; 0.01; 3.3373; 
177; 1.00 ;-0.00; 0.01; 3.4750; 2.00 ;-0.00; 0.01; 3.5501; 3.00 ;1.00; 1.00; 3.0495; 4.00 ;0.00; 0.01; 3.3145; 5.00 ;0.00; 0.01; 3.3964; 6.00 ;0.00; 0.01; 3.6218; 7.00 ;-0.00; 0.01; 3.6898; 8.00 ;-0.00; 0.01; 3.1409; 9.00 ;-0.00; 0.01; 3.2293; 
178; 1.00 ;-0.00; 0.01; 3.3743; 2.00 ;-0.00; 0.01; 3.4538; 3.00 ;1.00; 1.00; 2.9286; 4.00 ;0.00; 0.01; 3.2054; 5.00 ;0.00; 0.01; 3.2915; 6.00 ;0.00; 0.01; 3.5299; 7.00 ;0.00; 0.01; 3.6025; 8.00 ;-0.00; 0.01; 3.0239; 9.00 ;-0.00; 0.01; 3.1162; 
179; 1.00 ;-0.00; 0.01; 3.2682; 2.00 ;-0.00; 0.01; 3.3520; 3.00 ;1.00; 1.00; 2.8030; 4.00 ;0.00; 0.01; 3.0912; 5.00 ;0.00; 0.01; 3.1813; 6.00 ;0.00; 0.01; 3.4324; 7.00 ;0.00; 0.01; 3.5094; 8.00 ;-0.00; 0.01; 2.9020; 9.00 ;-0.00; 0.01; 2.9981; 
180; 1.00 ;-0.00; 0.01; 3.1569; 2.00 ;-0.00; 0.01; 3.2447; 3.00 ;1.00; 1.00; 2.6729; 4.00 ;0.00; 0.01; 2.9720; 5.00 ;0.00; 0.01; 3.0660; 6.00 ;0.00; 0.01; 3.3294; 7.00 ;-0.00; 0.01; 3.4107; 8.00 ;-0.00; 0.01; 2.7754; 9.00 ;-0.00; 0.01; 2.8751; 
181; 1.00 ;-0.00; 0.01; 3.0406; 2.00 ;-0.00; 0.01; 3.1323; 3.00 ;1.00; 1.00; 2.5386; 4.00 ;0.00; 0.01; 2.8481; 5.00 ;0.00; 0.01; 2.9458; 6.00 ;-0.00; 0.01; 3.2210; 7.00 ;0.00; 0.01; 3.3065; 8.00 ;-0.00; 0.01; 2.6444; 9.00 ;-0.00; 0.01; 2.7476; 
182; 1.00 ;-0.00; 0.01; 2.9193; 2.00 ;-0.00; 0.01; 3.0149; 3.00 ;1.00; 1.00; 2.4002; 4.00 ;0.00; 0.01; 2.7196; 5.00 ;0.00; 0.01; 2.8209; 6.00 ;-0.00; 0.01; 3.1075; 7.00 ;0.00; 0.01; 3.1970; 8.00 ;-0.00; 0.01; 2.5092; 9.00 ;-0.00; 0.01; 2.6157; 
183; 1.00 ;-0.00; 0.01; 2.7934; 2.00 ;-0.00; 0.01; 2.8926; 3.00 ;1.00; 1.00; 2.2579; 4.00 ;0.00; 0.01; 2.5868; 5.00 ;0.00; 0.01; 2.6914; 6.00 ;0.00; 0.01; 2.9890; 7.00 ;0.00; 0.01; 3.0824; 8.00 ;-0.00; 0.01; 2.3699; 9.00 ;-0.00; 0.01; 2.4796; 
184; 1.00 ;-0.00; 0.01; 2.6630; 2.00 ;-0.00; 0.01; 2.7657; 3.00 ;1.00; 1.00; 2.1121; 4.00 ;0.00; 0.01; 2.4498; 5.00 ;0.00; 0.01; 2.5577; 6.00 ;0.00; 0.01; 2.8657; 7.00 ;-0.00; 0.01; 2.9629; 8.00 ;-0.00; 0.01; 2.2269; 9.00 ;-0.00; 0.01; 2.3395; 
185; 1.00 ;-0.00; 0.01; 2.5284; 2.00 ;-0.00; 0.01; 2.6344; 3.00 ;1.00; 1.00; 1.9628; 4.00 ;0.00; 0.01; 2.3089; 5.00 ;0.00; 0.01; 2.4198; 6.00 ;0.00; 0.01; 2.7379; 7.00 ;0.00; 0.01; 2.8386; 8.00 ;-0.00; 0.01; 2.0803; 9.00 ;-0.00; 0.01; 2.1957; 
186; 1.00 ;-0.00; 0.01; 2.3897; 2.00 ;-0.00; 0.01; 2.4989; 3.00 ;1.00; 1.00; 1.8104; 4.00 ;0.00; 0.02; 2.1643; 5.00 ;0.00; 0.01; 2.2781; 6.00 ;0.00; 0.01; 2.6056; 7.00 ;-0.00; 0.01; 2.7098; 8.00 ;-0.00; 0.01; 1.9303; 9.00 ;-0.00; 0.02; 2.0483; 
187; 1.00 ;-0.00; 0.01; 2.2471; 2.00 ;-0.00; 0.01; 2.3593; 3.00 ;1.00; 1.00; 1.6552; 4.00 ;0.00; 0.02; 2.0162; 5.00 ;0.00; 0.02; 2.1327; 6.00 ;0.00; 0.01; 2.4692; 7.00 ;0.00; 0.01; 2.5766; 8.00 ;-0.00; 0.01; 1.7773; 9.00 ;-0.00; 0.02; 1.8977; 
188; 1.00 ;-0.00; 0.02; 2.1010; 2.00 ;-0.00; 0.02; 2.2160; 3.00 ;1.00; 1.00; 1.4972; 4.00 ;0.00; 0.02; 1.8649; 5.00 ;0.00; 0.02; 1.9839; 6.00 ;0.00; 0.01; 2.3288; 7.00 ;0.00; 0.01; 2.4393; 8.00 ;-0.01; 0.02; 1.6214; 9.00 ;-0.00; 0.02; 1.7440; 
189; 1.00 ;-0.00; 0.02; 1.9515; 2.00 ;-0.00; 0.02; 2.0691; 3.00 ;1.00; 1.00; 1.3369; 4.00 ;0.00; 0.02; 1.7106; 5.00 ;0.00; 0.02; 1.8320; 6.00 ;0.00; 0.02; 2.1847; 7.00 ;0.00; 0.01; 2.2982; 8.00 ;-0.01; 0.02; 1.4629; 9.00 ;-0.00; 0.03; 1.5875; 
190; 1.00 ;-0.00; 0.02; 1.7989; 2.00 ;-0.00; 0.02; 1.9190; 3.00 ;1.00; 1.00; 1.1744; 4.00 ;0.00; 0.03; 1.5536; 5.00 ;0.00; 0.03; 1.6771; 6.00 ;0.00; 0.02; 2.0371; 7.00 ;0.00; 0.02; 2.1533; 8.00 ;-0.01; 0.02; 1.3021; 9.00 ;-0.00; 0.03; 1.4285; 
191; 1.00 ;-0.00; 0.03; 1.6434; 2.00 ;-0.00; 0.02; 1.7657; 3.00 ;1.00; 1.00; 1.0100; 4.00 ;0.00; 0.03; 1.3940; 5.00 ;0.00; 0.03; 1.5195; 6.00 ;0.00; 0.02; 1.8863; 7.00 ;0.00; 0.02; 2.0049; 8.00 ;-0.01; 0.03; 1.1392; 9.00 ;-0.00; 0.04; 1.2673; 
192; 1.00 ;-0.00; 0.03; 1.4853; 2.00 ;-0.00; 0.03; 1.6096; 3.00 ;1.00; 1.00; 0.8441; 4.00 ;0.00; 0.04; 1.2323; 5.00 ;0.00; 0.04; 1.3595; 6.00 ;0.00; 0.02; 1.7324; 7.00 ;0.00; 0.02; 1.8534; 8.00 ;-0.02; 0.03; 0.9745; 9.00 ;-0.01; 0.05; 1.1039; 
193; 1.00 ;-0.00; 0.04; 1.3248; 2.00 ;-0.00; 0.03; 1.4509; 3.00 ;1.00; 1.00; 0.6767; 4.00 ;0.00; 0.05; 1.0686; 5.00 ;0.00; 0.04; 1.1973; 6.00 ;0.00; 0.03; 1.5757; 7.00 ;0.00; 0.03; 1.6989; 8.00 ;-0.02; 0.04; 0.8082; 9.00 ;-0.01; 0.06; 0.9388; 
194; 1.00 ;-0.00; 0.05; 1.1621; 2.00 ;-0.00; 0.04; 1.2900; 3.00 ;1.00; 1.00; 0.5083; 4.00 ;0.00; 0.07; 0.9031; 5.00 ;0.00; 0.05; 1.0331; 6.00 ;0.00; 0.03; 1.4165; 7.00 ;0.00; 0.03; 1.5417; 8.00 ;-0.03; 0.05; 0.6406; 9.00 ;-0.01; 0.07; 0.7723; 
195; 1.00 ;-0.00; 0.06; 0.9976; 2.00 ;-0.00; 0.05; 1.1269; 3.00 ;1.00; 1.00; 0.3391; 4.00 ;0.00; 0.08; 0.7363; 5.00 ;0.00; 0.07; 0.8674; 6.00 ;0.00; 0.04; 1.2551; 7.00 ;0.00; 0.04; 1.3820; 8.00 ;-0.04; 0.07; 0.4720; 9.00 ;-0.02; 0.09; 0.6044; 
196; 1.00 ;-0.00; 0.07; 0.8315; 2.00 ;-0.00; 0.06; 0.9621; 3.00 ;1.00; 1.00; 0.1693; 4.00 ;0.00; 0.11; 0.5682; 5.00 ;0.00; 0.09; 0.7002; 6.00 ;0.00; 0.05; 1.0916; 7.00 ;0.00; 0.04; 1.2201; 8.00 ;-0.06; 0.09; 0.3026; 9.00 ;-0.02; 0.12; 0.4356; 
197; 1.00 ;-0.00; 0.09; 0.6641; 2.00 ;-0.00; 0.08; 0.7957; 3.00 ;1.00; 1.00; -0.0007; 4.00 ;0.00; 0.14; 0.3992; 5.00 ;0.00; 0.11; 0.5319; 6.00 ;0.00; 0.06; 0.9264; 7.00 ;0.00; 0.06; 1.0562; 8.00 ;-0.09; 0.13; 0.1328; 9.00 ;-0.03; 0.16; 0.2661; 
198; 1.00 ;-0.00; 0.12; 0.4956; 2.00 ;-0.00; 0.10; 0.6280; 3.00 ;1.00; 1.00; -0.1708; 4.00 ;0.00; 0.18; 0.2296; 5.00 ;0.00; 0.14; 0.3628; 6.00 ;0.00; 0.08; 0.7597; 7.00 ;0.00; 0.07; 0.8907; 8.00 ;-0.14; 0.18; -0.0373; 9.00 ;-0.05; 0.20; 0.0962; 
199; 1.00 ;-0.00; 0.15; 0.3264; 2.00 ;0.00; 0.12; 0.4593; 3.00 ;1.00; 1.00; -0.3405; 4.00 ;0.01; 0.23; 0.0596; 5.00 ;0.00; 0.18; 0.1931; 6.00 ;0.00; 0.10; 0.5918; 7.00 ;-0.00; 0.09; 0.7237; 8.00 ;-0.23; 0.28; -0.2073; 9.00 ;-0.05; 0.24; -0.0739; 
200; 1.00 ;-0.00; 0.19; 0.1566; 2.00 ;0.00; 0.16; 0.2899; 3.00 ;1.00; 1.00; -0.5098; 4.00 ;0.02; 0.31; -0.1104; 5.00 ;-0.00; 0.22; 0.0231; 6.00 ;0.00; 0.13; 0.4229; 7.00 ;-0.00; 0.12; 0.5556; 8.00 ;-0.41; 0.45; -0.3770; 9.00 ;-0.00; 0.24; -0.2438; 
201; 1.00 ;-0.00; 0.25; -0.0135; 2.00 ;0.00; 0.20; 0.1200; 3.00 ;1.00; 1.00; -0.6782; 4.00 ;0.05; 0.40; -0.2803; 5.00 ;-0.01; 0.26; -0.1470; 6.00 ;-0.00; 0.17; 0.2534; 7.00 ;-0.00; 0.17; 0.3865; 8.00 ;-0.61; 0.64; -0.5460; 9.00 ;0.07; 0.24; -0.4134; 
202; 1.00 ;0.00; 0.31; -0.1835; 2.00 ;0.00; 0.25; -0.0501; 3.00 ;1.00; 1.00; -0.8455; 4.00 ;0.09; 0.48; -0.4498; 5.00 ;-0.03; 0.31; -0.3168; 6.00 ;-0.00; 0.20; 0.0835; 7.00 ;-0.00; 0.23; 0.2169; 8.00 ;-0.75; 0.77; -0.7142; 9.00 ;0.16; 0.30; -0.5823; 
203; 1.00 ;0.00; 0.35; -0.3533; 2.00 ;-0.00; 0.32; -0.2200; 3.00 ;1.00; 1.00; -1.0114; 4.00 ;-0.10; 0.44; -0.6185; 5.00 ;0.01; 0.42; -0.4861; 6.00 ;0.00; 0.24; -0.0866; 7.00 ;0.00; 0.31; 0.0469; 8.00 ;-0.82; 0.83; -0.8813; 9.00 ;0.42; 0.51; -0.7503; 
204; 1.00 ;-0.07; 0.41; -0.5224; 2.00 ;0.01; 0.40; -0.3897; 3.00 ;1.00; 1.00; -1.1758; 4.00 ;-0.45; 0.57; -0.7862; 5.00 ;0.23; 0.48; -0.6546; 6.00 ;0.00; 0.26; -0.2566; 7.00 ;-0.00; 0.43; -0.1232; 8.00 ;-0.88; 0.89; -1.0469; 9.00 ;0.66; 0.70; -0.9170; 
205; 1.00 ;-0.31; 0.48; -0.6908; 2.00 ;0.12; 0.48; -0.5587; 3.00 ;1.00; 1.00; -1.3383; 4.00 ;-0.70; 0.73; -0.9527; 5.00 ;0.55; 0.63; -0.8221; 6.00 ;-0.01; 0.28; -0.4261; 7.00 ;-0.01; 0.56; -0.2930; 8.00 ;-0.92; 0.92; -1.2109; 9.00 ;0.80; 0.81; -1.0823; 
206; 1.00 ;-0.62; 0.67; -0.8580; 2.00 ;0.45; 0.60; -0.7268; 3.00 ;1.00; 1.00; -1.4986; 4.00 ;-0.82; 0.83; -1.1177; 5.00 ;0.74; 0.76; -0.9883; 6.00 ;-0.07; 0.29; -0.5949; 7.00 ;-0.09; 0.69; -0.4624; 8.00 ;-0.94; 0.94; -1.3729; 9.00 ;0.87; 0.88; -1.2459; 
207; 1.00 ;-0.80; 0.82; -1.0238; 2.00 ;0.71; 0.76; -0.8938; 3.00 ;1.00; 1.00; -1.6565; 4.00 ;-0.88; 0.89; -1.2808; 5.00 ;0.84; 0.85; -1.1529; 6.00 ;-0.10; 0.28; -0.7628; 7.00 ;-0.29; 0.79; -0.6311; 8.00 ;-0.96; 0.96; -1.5327; 9.00 ;0.92; 0.92; -1.4075; 
208; 1.00 ;-0.85; 0.86; -1.1880; 2.00 ;0.76; 0.78; -1.0593; 3.00 ;1.00; 1.00; -1.8118; 4.00 ;-0.92; 0.93; -1.4419; 5.00 ;0.90; 0.90; -1.3156; 6.00 ;-0.76; 0.77; -0.9295; 7.00 ;0.79; 0.84; -0.7988; 8.00 ;-0.97; 0.97; -1.6901; 9.00 ;0.94; 0.95; -1.5668; 
209; 1.00 ;-0.90; 0.91; -1.3504; 2.00 ;0.86; 0.87; -1.2231; 3.00 ;1.00; 1.00; -1.9641; 4.00 ;-0.95; 0.95; -1.6007; 5.00 ;0.93; 0.93; -1.4763; 6.00 ;-0.87; 0.87; -1.0947; 7.00 ;0.88; 0.90; -0.9651; 8.00 ;-0.97; 0.98; -1.8448; 9.00 ;0.96; 0.96; -1.7236; 
210; 1.00 ;-0.93; 0.94; -1.5105; 2.00 ;0.91; 0.92; -1.3850; 3.00 ;1.00; 1.00; -2.1133; 4.00 ;-0.96; 0.96; -1.7570; 5.00 ;0.95; 0.95; -1.6345; 6.00 ;-0.92; 0.92; -1.2581; 7.00 ;0.92; 0.93; -1.1300; 8.00 ;-0.98; 0.98; -1.9965; 9.00 ;0.97; 0.97; -1.8776; 
211; 1.00 ;-0.95; 0.96; -1.6682; 2.00 ;0.94; 0.94; -1.5446; 3.00 ;1.00; 1.00; -2.2592; 4.00 ;-0.97; 0.97; -1.9104; 5.00 ;0.96; 0.96; -1.7902; 6.00 ;-0.94; 0.95; -1.4195; 7.00 ;0.94; 0.95; -1.2930; 8.00 ;-0.98; 0.98; -2.1450; 9.00 ;0.97; 0.98; -2.0287; 
212; 1.00 ;-0.97; 0.97; -1.8233; 2.00 ;0.96; 0.96; -1.7018; 3.00 ;1.00; 1.00; -2.4014; 4.00 ;-0.98; 0.98; -2.0607; 5.00 ;0.97; 0.97; -1.9430; 6.00 ;-0.96; 0.96; -1.5786; 7.00 ;0.96; 0.97; -1.4539; 8.00 ;-0.99; 0.99; -2.2901; 9.00 ;0.98; 0.98; -2.1765; 
213; 1.00 ;-0.97; 0.97; -1.9754; 2.00 ;0.97; 0.97; -1.8563; 3.00 ;1.00; 1.00; -2.5398; 4.00 ;-0.98; 0.98; -2.2078; 5.00 ;0.98; 0.98; -2.0927; 6.00 ;-0.97; 0.97; -1.7353; 7.00 ;0.97; 0.97; -1.6125; 8.00 ;-0.99; 0.99; -2.4315; 9.00 ;0.98; 0.98; -2.3208; 
214; 1.00 ;-0.98; 0.98; -2.1244; 2.00 ;0.97; 0.98; -2.0077; 3.00 ;1.00; 1.00; -2.6741; 4.00 ;-0.98; 0.98; -2.3513; 5.00 ;0.98; 0.98; -2.2390; 6.00 ;-0.98; 0.98; -1.8891; 7.00 ;0.98; 0.98; -1.7686; 8.00 ;-0.99; 0.99; -2.5690; 9.00 ;0.99; 0.99; -2.4614; 
215; 1.00 ;-0.98; 0.98; -2.2700; 2.00 ;0.98; 0.98; -2.1560; 3.00 ;1.00; 1.00; -2.8041; 4.00 ;-0.99; 0.99; -2.4911; 5.00 ;0.98; 0.99; -2.3817; 6.00 ;-0.98; 0.98; -2.0399; 7.00 ;0.98; 0.98; -1.9218; 8.00 ;-0.99; 0.99; -2.7024; 9.00 ;0.99; 0.99; -2.5980; 
216; 1.00 ;-0.98; 0.99; -2.4119; 2.00 ;0.98; 0.98; -2.3008; 3.00 ;1.00; 1.00; -2.9296; 4.00 ;-0.99; 0.99; -2.6269; 5.00 ;0.99; 0.99; -2.5206; 6.00 ;-0.98; 0.98; -2.1874; 7.00 ;0.98; 0.99; -2.0719; 8.00 ;-0.99; 0.99; -2.8315; 9.00 ;0.99; 0.99; -2.7305; 
217; 1.00 ;-0.99; 0.99; -2.5500; 2.00 ;0.99; 0.99; -2.4419; 3.00 ;1.00; 1.00; -3.0505; 4.00 ;-0.99; 0.99; -2.7584; 5.00 ;0.99; 0.99; -2.6555; 6.00 ;-0.99; 0.99; -2.3315; 7.00 ;0.99; 0.99; -2.2187; 8.00 ;-0.99; 0.99; -2.9560; 9.00 ;0.99; 0.99; -2.8586; 
218; 1.00 ;-0.99; 0.99; -2.6840; 2.00 ;0.99; 0.99; -2.5791; 3.00 ;1.00; 1.00; -3.1664; 4.00 ;-0.99; 0.99; -2.8856; 5.00 ;0.99; 0.99; -2.7862; 6.00 ;-0.99; 0.99; -2.4718; 7.00 ;0.99; 0.99; -2.3620; 8.00 ;-0.99; 0.99; -3.0758; 9.00 ;0.99; 0.99; -2.9822; 
219; 1.00 ;-0.99; 0.99; -2.8137; 2.00 ;0.99; 0.99; -2.7122; 3.00 ;1.00; 1.00; -3.2773; 4.00 ;-0.99; 0.99; -3.0081; 5.00 ;0.99; 0.99; -2.9123; 6.00 ;-0.99; 0.99; -2.6081; 7.00 ;0.99; 0.99; -2.5014; 8.00 ;-0.99; 0.99; -3.1907; 9.00 ;0.99; 0.99; -3.1009; 
220; 1.00 ;-0.99; 0.99; -2.9389; 2.00 ;0.99; 0.99; -2.8410; 3.00 ;1.00; 1.00; -3.3829; 4.00 ;-0.99; 0.99; -3.1258; 5.00 ;0.99; 0.99; -3.0338; 6.00 ;-0.99; 0.99; -2.7403; 7.00 ;0.99; 0.99; -2.6369; 8.00 ;-0.99; 0.99; -3.3005; 9.00 ;0.99; 0.99; -3.2147; 
221; 1.00 ;-0.99; 0.99; -3.0593; 2.00 ;0.99; 0.99; -2.9652; 3.00 ;1.00; 1.00; -3.4832; 4.00 ;-0.99; 0.99; -3.2385; 5.00 ;0.99; 0.99; -3.1505; 6.00 ;-0.99; 0.99; -2.8681; 7.00 ;0.99; 0.99; -2.7681; 8.00 ;-0.99; 0.99; -3.4050; 9.00 ;0.99; 0.99; -3.3234; 
222; 1.00 ;-0.99; 0.99; -3.1749; 2.00 ;0.99; 0.99; -3.0846; 3.00 ;1.00; 1.00; -3.5778; 4.00 ;-0.99; 0.99; -3.3461; 5.00 ;0.99; 0.99; -3.2621; 6.00 ;-0.99; 0.99; -2.9913; 7.00 ;0.99; 0.99; -2.8949; 8.00 ;-1.00; 1.00; -3.5040; 9.00 ;0.99; 0.99; -3.4267; 
223; 1.00 ;-0.99; 0.99; -3.2854; 2.00 ;0.99; 0.99; -3.1991; 3.00 ;1.00; 1.00; -3.6667; 4.00 ;-0.99; 0.99; -3.4482; 5.00 ;0.99; 0.99; -3.3685; 6.00 ;-0.99; 0.99; -3.1097; 7.00 ;0.99; 0.99; -3.0171; 8.00 ;-1.00; 1.00; -3.5974; 9.00 ;0.99; 0.99; -3.5246; 
224; 1.00 ;-0.99; 0.99; -3.3907; 2.00 ;0.99; 0.99; -3.3085; 3.00 ;1.00; 1.00; -3.7498; 4.00 ;-0.99; 0.99; -3.5449; 5.00 ;0.99; 0.99; -3.4695; 6.00 ;-0.99; 0.99; -3.2231; 7.00 ;0.99; 0.99; -3.1345; 8.00 ;-1.00; 1.00; -3.6851; 9.00 ;0.99; 1.00; -3.6168; 
225; 1.00 ;-0.99; 0.99; -3.4905; 2.00 ;0.99; 0.99; -3.4126; 3.00 ;1.00; 1.00; -3.8268; 4.00 ;-0.99; 1.00; -3.6358; 5.00 ;0.99; 0.99; -3.5649; 6.00 ;-0.99; 0.99; -3.3313; 7.00 ;0.99; 1.00; -3.2468; 8.00 ;-1.00; 1.00; -3.7668; 9.00 ;1.00; 1.00; -3.7032; 
226; 1.00 ;-0.99; 0.99; -3.5847; 2.00 ;0.99; 0.99; -3.5112; 3.00 ;1.00; 1.00; -3.8977; 4.00 ;-1.00; 1.00; -3.7210; 5.00 ;1.00; 1.00; -3.6546; 6.00 ;-0.99; 1.00; -3.4342; 7.00 ;0.99; 1.00; -3.3539; 8.00 ;-1.00; 1.00; -3.8426; 9.00 ;1.00; 1.00; -3.7836; 
227; 1.00 ;-1.00; 1.00; -3.6732; 2.00 ;0.99; 1.00; -3.6042; 3.00 ;1.00; 1.00; -3.9624; 4.00 ;-1.00; 1.00; -3.8001; 5.00 ;1.00; 1.00; -3.7385; 6.00 ;-1.00; 1.00; -3.5317; 7.00 ;0.99; 1.00; -3.4557; 8.00 ;-1.00; 1.00; -3.9121; 9.00 ;1.00; 1.00; -3.8580; 
228; 1.00 ;-1.00; 1.00; -3.7557; 2.00 ;1.00; 1.00; -3.6914; 3.00 ;1.00; 1.00; -4.0207; 4.00 ;-1.00; 1.00; -3.8732; 5.00 ;1.00; 1.00; -3.8164; 6.00 ;-1.00; 1.00; -3.6234; 7.00 ;1.00; 1.00; -3.5519; 8.00 ;-1.00; 1.00; -3.9754; 9.00 ;1.00; 1.00; -3.9263; 
229; 1.00 ;-1.00; 1.00; -3.8323; 2.00 ;1.00; 1.00; -3.7727; 3.00 ;1.00; 1.00; -4.0726; 4.00 ;-1.00; 1.00; -3.9401; 5.00 ;1.00; 1.00; -3.8881; 6.00 ;-1.00; 1.00; -3.7094; 7.00 ;1.00; 1.00; -3.6424; 8.00 ;-1.00; 1.00; -4.0324; 9.00 ;1.00; 1.00; -3.9882; 
230; 1.00 ;-1.00; 1.00; -3.9028; 2.00 ;1.00; 1.00; -3.8480; 3.00 ;1.00; 1.00; -4.1179; 4.00 ;-1.00; 1.00; -4.0007; 5.00 ;1.00; 1.00; -3.9537; 6.00 ;-1.00; 1.00; -3.7894; 7.00 ;1.00; 1.00; -3.7271; 8.00 ;-1.00; 1.00; -4.0829; 9.00 ;1.00; 1.00; -4.0438; 
231; 1.00 ;-1.00; 1.00; -3.9670; 2.00 ;1.00; 1.00; -3.9171; 3.00 ;1.00; 1.00; -4.1567; 4.00 ;-1.00; 1.00; -4.0549; 5.00 ;1.00; 1.00; -4.0129; 6.00 ;-1.00; 1.00; -3.8634; 7.00 ;1.00; 1.00; -3.8058; 8.00 ;-1.00; 1.00; -4.1268; 9.00 ;1.00; 1.00; -4.0929; 
232; 1.00 ;-1.00; 1.00; -4.0248; 2.00 ;1.00; 1.00; -3.9799; 3.00 ;1.00; 1.00; -4.1888; 4.00 ;-1.00; 1.00; -4.1026; 5.00 ;1.00; 1.00; -4.0657; 6.00 ;-1.00; 1.00; -3.9311; 7.00 ;1.00; 1.00; -3.8785; 8.00 ;-1.00; 1.00; -4.1642; 9.00 ;1.00; 1.00; -4.1354; 
233; 1.00 ;-1.00; 1.00; -4.0762; 2.00 ;1.00; 1.00; -4.0364; 3.00 ;1.00; 1.00; -4.2142; 4.00 ;-1.00; 1.00; -4.1437; 5.00 ;1.00; 1.00; -4.1120; 6.00 ;-1.00; 1.00; -3.9926; 7.00 ;1.00; 1.00; -3.9449; 8.00 ;-1.00; 1.00; -4.1948; 9.00 ;1.00; 1.00; -4.1713; 
234; 1.00 ;-1.00; 1.00; -4.1211; 2.00 ;1.00; 1.00; -4.0864; 3.00 ;1.00; 1.00; -4.2328; 4.00 ;-1.00; 1.00; -4.1782; 5.00 ;1.00; 1.00; -4.1517; 6.00 ;-1.00; 1.00; -4.0477; 7.00 ;1.00; 1.00; -4.0050; 8.00 ;-1.00; 1.00; -4.2188; 9.00 ;1.00; 1.00; -4.2005; 
235; 1.00 ;-1.00; 1.00; -4.1593; 2.00 ;1.00; 1.00; -4.1298; 3.00 ;1.00; 1.00; -4.2447; 4.00 ;-1.00; 1.00; -4.2060; 5.00 ;1.00; 1.00; -4.1847; 6.00 ;-1.00; 1.00; -4.0963; 7.00 ;1.00; 1.00; -4.0587; 8.00 ;-1.00; 1.00; -4.2360; 9.00 ;1.00; 1.00; -4.2230; 
236; 1.00 ;-1.00; 1.00; -4.1909; 2.00 ;1.00; 1.00; -4.1667; 3.00 ;1.00; 1.00; -4.2498; 4.00 ;-1.00; 1.00; -4.2270; 5.00 ;1.00; 1.00; -4.2110; 6.00 ;-1.00; 1.00; -4.1383; 7.00 ;1.00; 1.00; -4.1059; 8.00 ;-1.00; 1.00; -4.2464; 9.00 ;1.00; 1.00; -4.2388; 
237; 1.00 ;-1.00; 1.00; -4.2158; 2.00 ;1.00; 1.00; -4.1969; 3.00 ;1.00; 1.00; -4.2481; 4.00 ;-1.00; 1.00; -4.2413; 5.00 ;1.00; 1.00; -4.2306; 6.00 ;-1.00; 1.00; -4.1737; 7.00 ;1.00; 1.00; -4.1465; 8.00 ;-1.00; 1.00; -4.2500; 9.00 ;1.00; 1.00; -4.2477; 
238; 1.00 ;-1.00; 1.00; -4.2340; 2.00 ;1.00; 1.00; -4.2203; 3.00 ;1.00; 1.00; -4.2395; 4.00 ;-1.00; 1.00; -4.2488; 5.00 ;1.00; 1.00; -4.2435; 6.00 ;-1.00; 1.00; -4.2025; 7.00 ;1.00; 1.00; -4.1805; 8.00 ;-1.00; 1.00; -4.2468; 9.00 ;1.00; 1.00; -4.2499; 
239; 1.00 ;-1.00; 1.00; -4.2453; 2.00 ;1.00; 1.00; -4.2370; 3.00 ;1.00; 1.00; -4.2242; 4.00 ;-1.00; 1.00; -4.2495; 5.00 ;1.00; 1.00; -4.2495; 6.00 ;-1.00; 1.00; -4.2245; 7.00 ;1.00; 1.00; -4.2078; 8.00 ;-1.00; 1.00; -4.2368; 9.00 ;1.00; 1.00; -4.2452; 
240; 1.00 ;-1.00; 1.00; -4.2499; 2.00 ;1.00; 1.00; -4.2469; 3.00 ;1.00; 1.00; -4.2021; 4.00 ;-1.00; 1.00; -4.2433; 5.00 ;1.00; 1.00; -4.2487; 6.00 ;-1.00; 1.00; -4.2397; 7.00 ;1.00; 1.00; -4.2283; 8.00 ;-1.00; 1.00; -4.2200; 9.00 ;1.00; 1.00; -4.2338; 
241; 1.00 ;-1.00; 1.00; -4.2477; 2.00 ;1.00; 1.00; -4.2500; 3.00 ;1.00; 1.00; -4.1733; 4.00 ;-1.00; 1.00; -4.2304; 5.00 ;1.00; 1.00; -4.2411; 6.00 ;-1.00; 1.00; -4.2481; 7.00 ;1.00; 1.00; -4.2421; 8.00 ;-1.00; 1.00; -4.1965; 9.00 ;1.00; 1.00; -4.2155; 
242; 1.00 ;-1.00; 1.00; -4.2386; 2.00 ;1.00; 1.00; -4.2463; 3.00 ;1.00; 1.00; -4.1378; 4.00 ;-1.00; 1.00; -4.2107; 5.00 ;1.00; 1.00; -4.2268; 6.00 ;-1.00; 1.00; -4.2498; 7.00 ;1.00; 1.00; -4.2491; 8.00 ;-1.00; 1.00; -4.1662; 9.00 ;1.00; 1.00; -4.1906; 
243; 1.00 ;-1.00; 1.00; -4.2228; 2.00 ;1.00; 1.00; -4.2358; 3.00 ;1.00; 1.00; -4.0957; 4.00 ;-1.00; 1.00; -4.1843; 5.00 ;1.00; 1.00; -4.2056; 6.00 ;-1.00; 1.00; -4.2446; 7.00 ;1.00; 1.00; -4.2492; 8.00 ;-1.00; 1.00; -4.1293; 9.00 ;1.00; 1.00; -4.1589; 
244; 1.00 ;-1.00; 1.00; -4.2002; 2.00 ;1.00; 1.00; -4.2185; 3.00 ;1.00; 1.00; -4.0470; 4.00 ;-1.00; 1.00; -4.1512; 5.00 ;1.00; 1.00; -4.1777; 6.00 ;-1.00; 1.00; -4.2326; 7.00 ;1.00; 1.00; -4.2426; 8.00 ;-1.00; 1.00; -4.0858; 9.00 ;1.00; 1.00; -4.1205; 
245; 1.00 ;-1.00; 1.00; -4.1709; 2.00 ;1.00; 1.00; -4.1945; 3.00 ;1.00; 1.00; -3.9918; 4.00 ;-1.00; 1.00; -4.1114; 5.00 ;1.00; 1.00; -4.1432; 6.00 ;-1.00; 1.00; -4.2139; 7.00 ;1.00; 1.00; -4.2292; 8.00 ;-1.00; 1.00; -4.0357; 9.00 ;1.00; 1.00; -4.0755; 
246; 1.00 ;-1.00; 1.00; -4.1349; 2.00 ;1.00; 1.00; -4.1637; 3.00 ;1.00; 1.00; -3.9303; 4.00 ;-1.00; 1.00; -4.0650; 5.00 ;1.00; 1.00; -4.1020; 6.00 ;-1.00; 1.00; -4.1884; 7.00 ;1.00; 1.00; -4.2090; 8.00 ;-1.00; 1.00; -3.9791; 9.00 ;1.00; 1.00; -4.0241; 
247; 1.00 ;-1.00; 1.00; -4.0923; 2.00 ;1.00; 1.00; -4.1263; 3.00 ;1.00; 1.00; -3.8624; 4.00 ;-1.00; 1.00; -4.0121; 5.00 ;1.00; 1.00; -4.0542; 6.00 ;-1.00; 1.00; -4.1562; 7.00 ;1.00; 1.00; -4.1820; 8.00 ;-1.00; 1.00; -3.9162; 9.00 ;1.00; 1.00; -3.9661; 
248; 1.00 ;-1.00; 1.00; -4.0431; 2.00 ;1.00; 1.00; -4.0822; 3.00 ;1.00; 1.00; -3.7884; 4.00 ;-1.00; 1.00; -3.9528; 5.00 ;1.00; 1.00; -3.9999; 6.00 ;-1.00; 1.00; -4.1174; 7.00 ;1.00; 1.00; -4.1484; 8.00 ;-1.00; 1.00; -3.8470; 9.00 ;1.00; 1.00; -3.9019; 
249; 1.00 ;-1.00; 1.00; -3.9874; 2.00 ;1.00; 1.00; -4.0317; 3.00 ;1.00; 1.00; -3.7083; 4.00 ;-1.00; 1.00; -3.8872; 5.00 ;1.00; 1.00; -3.9393; 6.00 ;-1.00; 1.00; -4.0719; 7.00 ;1.00; 1.00; -4.1081; 8.00 ;-1.00; 1.00; -3.7717; 9.00 ;1.00; 1.00; -3.8313; 
250; 1.00 ;-1.00; 1.00; -3.9254; 2.00 ;1.00; 1.00; -3.9746; 3.00 ;1.00; 1.00; -3.6222; 4.00 ;-1.00; 1.00; -3.8154; 5.00 ;1.00; 1.00; -3.8723; 6.00 ;-1.00; 1.00; -4.0199; 7.00 ;1.00; 1.00; -4.0613; 8.00 ;-1.00; 1.00; -3.6903; 9.00 ;1.00; 1.00; -3.7547; 
251; 1.00 ;-1.00; 1.00; -3.8571; 2.00 ;1.00; 1.00; -3.9112; 3.00 ;1.00; 1.00; -3.5304; 4.00 ;-1.00; 1.00; -3.7374; 5.00 ;1.00; 1.00; -3.7991; 6.00 ;-1.00; 1.00; -3.9615; 7.00 ;1.00; 1.00; -4.0079; 8.00 ;-1.00; 1.00; -3.6030; 9.00 ;1.00; 1.00; -3.6720; 
252; 1.00 ;-1.00; 1.00; -3.7826; 2.00 ;1.00; 1.00; -3.8416; 3.00 ;1.00; 1.00; -3.4329; 4.00 ;-1.00; 1.00; -3.6534; 5.00 ;1.00; 1.00; -3.7198; 6.00 ;-1.00; 1.00; -3.8968; 7.00 ;1.00; 1.00; -3.9481; 8.00 ;-1.00; 1.00; -3.5099; 9.00 ;0.99; 0.99; -3.5834; 
253; 1.00 ;-1.00; 1.00; -3.7020; 2.00 ;1.00; 1.00; -3.7658; 3.00 ;1.00; 1.00; -3.3299; 4.00 ;-0.99; 0.99; -3.5636; 5.00 ;0.99; 1.00; -3.6346; 6.00 ;-1.00; 1.00; -3.8258; 7.00 ;1.00; 1.00; -3.8820; 8.00 ;-0.99; 0.99; -3.4112; 9.00 ;0.99; 0.99; -3.4891; 
254; 1.00 ;-0.99; 1.00; -3.6155; 2.00 ;1.00; 1.00; -3.6839; 3.00 ;1.00; 1.00; -3.2216; 4.00 ;-0.99; 0.99; -3.4681; 5.00 ;0.99; 0.99; -3.5436; 6.00 ;-1.00; 1.00; -3.7487; 7.00 ;1.00; 1.00; -3.8097; 8.00 ;-0.99; 0.99; -3.3070; 9.00 ;0.99; 0.99; -3.3893; 
255; 1.00 ;-0.99; 0.99; -3.5233; 2.00 ;0.99; 1.00; -3.5962; 3.00 ;1.00; 1.00; -3.1081; 4.00 ;-0.99; 0.99; -3.3671; 5.00 ;0.99; 0.99; -3.4469; 6.00 ;-1.00; 1.00; -3.6656; 7.00 ;1.00; 1.00; -3.7313; 8.00 ;-0.99; 0.99; -3.1976; 9.00 ;0.99; 0.99; -3.2840; 
256; 1.00 ;-0.99; 0.99; -3.4254; 2.00 ;0.99; 0.99; -3.5027; 3.00 ;1.00; 1.00; -2.9896; 4.00 ;-0.99; 0.99; -3.2606; 5.00 ;0.99; 0.99; -3.3446; 6.00 ;-1.00; 1.00; -3.5766; 7.00 ;1.00; 1.00; -3.6469; 8.00 ;-0.99; 0.99; -3.0830; 9.00 ;0.99; 0.99; -3.1734; 
257; 1.00 ;-0.99; 0.99; -3.3220; 2.00 ;0.99; 0.99; -3.4036; 3.00 ;1.00; 1.00; -2.8664; 4.00 ;-0.99; 0.99; -3.1489; 5.00 ;0.99; 0.99; -3.2370; 6.00 ;-1.00; 1.00; -3.4818; 7.00 ;1.00; 1.00; -3.5567; 8.00 ;-0.99; 0.99; -2.9635; 9.00 ;0.99; 0.99; -3.0577; 
258; 1.00 ;-0.99; 0.99; -3.2132; 2.00 ;0.99; 0.99; -3.2990; 3.00 ;1.00; 1.00; -2.7385; 4.00 ;-0.99; 0.99; -3.0322; 5.00 ;0.99; 0.99; -3.1243; 6.00 ;-0.99; 0.99; -3.3816; 7.00 ;0.99; 1.00; -3.4607; 8.00 ;-0.99; 0.99; -2.8393; 9.00 ;0.99; 0.99; -2.9372; 
259; 1.00 ;-0.99; 0.99; -3.0994; 2.00 ;0.99; 0.99; -3.1892; 3.00 ;1.00; 1.00; -2.6063; 4.00 ;-0.99; 0.99; -2.9107; 5.00 ;0.99; 0.99; -3.0065; 6.00 ;-0.99; 0.99; -3.2758; 7.00 ;0.99; 1.00; -3.3593; 8.00 ;-0.99; 0.99; -2.7105; 9.00 ;0.99; 0.99; -2.8119; 
260; 1.00 ;-0.99; 0.99; -2.9805; 2.00 ;0.99; 0.99; -3.0742; 3.00 ;1.00; 1.00; -2.4699; 4.00 ;-0.99; 0.99; -2.7844; 5.00 ;0.99; 0.99; -2.8839; 6.00 ;-0.99; 0.99; -3.1649; 7.00 ;0.99; 1.00; -3.2524; 8.00 ;-0.99; 0.99; -2.5773; 9.00 ;0.99; 0.99; -2.6822; 
261; 1.00 ;-0.99; 0.99; -2.8569; 2.00 ;0.99; 0.99; -2.9544; 3.00 ;1.00; 1.00; -2.3295; 4.00 ;-0.99; 0.99; -2.6537; 5.00 ;0.99; 0.99; -2.7567; 6.00 ;-0.99; 0.99; -3.0489; 7.00 ;0.99; 0.99; -3.1404; 8.00 ;-0.99; 0.99; -2.4400; 9.00 ;0.99; 0.99; -2.5481; 
262; 1.00 ;-0.99; 0.99; -2.7288; 2.00 ;0.99; 0.99; -2.8298; 3.00 ;1.00; 1.00; -2.1855; 4.00 ;-0.99; 0.99; -2.5188; 5.00 ;0.99; 0.99; -2.6251; 6.00 ;-0.99; 0.99; -2.9280; 7.00 ;0.99; 0.99; -3.0233; 8.00 ;-0.99; 0.99; -2.2989; 9.00 ;0.98; 0.99; -2.4100; 
263; 1.00 ;-0.99; 0.99; -2.5962; 2.00 ;0.99; 0.99; -2.7006; 3.00 ;1.00; 1.00; -2.0379; 4.00 ;-0.98; 0.98; -2.3798; 5.00 ;0.99; 0.99; -2.4892; 6.00 ;-0.99; 0.99; -2.8024; 7.00 ;0.99; 0.99; -2.9013; 8.00 ;-0.98; 0.98; -2.1540; 9.00 ;0.98; 0.98; -2.2680; 
264; 1.00 ;-0.99; 0.99; -2.4595; 2.00 ;0.99; 0.99; -2.5672; 3.00 ;1.00; 1.00; -1.8870; 4.00 ;-0.98; 0.98; -2.2370; 5.00 ;0.98; 0.98; -2.3494; 6.00 ;-0.99; 0.99; -2.6723; 7.00 ;0.99; 0.99; -2.7748; 8.00 ;-0.98; 0.98; -2.0057; 9.00 ;0.98; 0.98; -2.1224; 
265; 1.00 ;-0.98; 0.98; -2.3189; 2.00 ;0.99; 0.99; -2.4296; 3.00 ;1.00; 1.00; -1.7331; 4.00 ;-0.98; 0.98; -2.0906; 5.00 ;0.98; 0.98; -2.2058; 6.00 ;-0.99; 0.99; -2.5379; 7.00 ;0.99; 0.99; -2.6437; 8.00 ;-0.97; 0.98; -1.8542; 9.00 ;0.97; 0.97; -1.9734; 
266; 1.00 ;-0.98; 0.98; -2.1745; 2.00 ;0.98; 0.98; -2.2881; 3.00 ;1.00; 1.00; -1.5765; 4.00 ;-0.97; 0.97; -1.9409; 5.00 ;0.98; 0.98; -2.0587; 6.00 ;-0.99; 0.99; -2.3995; 7.00 ;0.99; 0.99; -2.5085; 8.00 ;-0.97; 0.97; -1.6997; 9.00 ;0.96; 0.97; -1.8212; 
267; 1.00 ;-0.97; 0.98; -2.0267; 2.00 ;0.98; 0.98; -2.1430; 3.00 ;1.00; 1.00; -1.4173; 4.00 ;-0.96; 0.96; -1.7881; 5.00 ;0.97; 0.97; -1.9083; 6.00 ;-0.99; 0.99; -2.2572; 7.00 ;0.99; 0.99; -2.3692; 8.00 ;-0.96; 0.96; -1.5425; 9.00 ;0.95; 0.95; -1.6661; 
268; 1.00 ;-0.97; 0.97; -1.8756; 2.00 ;0.97; 0.97; -1.9944; 3.00 ;1.00; 1.00; -1.2559; 4.00 ;-0.95; 0.95; -1.6324; 5.00 ;0.96; 0.96; -1.7549; 6.00 ;-0.98; 0.98; -2.1113; 7.00 ;0.99; 0.99; -2.2262; 8.00 ;-0.94; 0.94; -1.3828; 9.00 ;0.93; 0.94; -1.5083; 
269; 1.00 ;-0.96; 0.96; -1.7215; 2.00 ;0.97; 0.97; -1.8427; 3.00 ;1.00; 1.00; -1.0924; 4.00 ;-0.93; 0.93; -1.4741; 5.00 ;0.95; 0.95; -1.5986; 6.00 ;-0.98; 0.98; -1.9621; 7.00 ;0.98; 0.99; -2.0795; 8.00 ;-0.91; 0.92; -1.2209; 9.00 ;0.90; 0.90; -1.3482; 
270; 1.00 ;-0.94; 0.95; -1.5646; 2.00 ;0.96; 0.96; -1.6880; 3.00 ;1.00; 1.00; -0.9272; 4.00 ;-0.89; 0.90; -1.3134; 5.00 ;0.93; 0.93; -1.4397; 6.00 ;-0.97; 0.97; -1.8097; 7.00 ;0.98; 0.98; -1.9296; 8.00 ;-0.86; 0.87; -1.0570; 9.00 ;0.83; 0.84; -1.1858; 
271; 1.00 ;-0.92; 0.92; -1.4053; 2.00 ;0.94; 0.94; -1.5306; 3.00 ;1.00; 1.00; -0.7605; 4.00 ;-0.83; 0.84; -1.1507; 5.00 ;0.89; 0.90; -1.2786; 6.00 ;-0.97; 0.97; -1.6544; 7.00 ;0.98; 0.98; -1.7765; 8.00 ;-0.77; 0.78; -0.8915; 9.00 ;0.69; 0.72; -1.0216; 
272; 1.00 ;-0.88; 0.88; -1.2437; 2.00 ;0.91; 0.91; -1.3707; 3.00 ;1.00; 1.00; -0.5926; 4.00 ;-0.72; 0.75; -0.9861; 5.00 ;0.83; 0.85; -1.1154; 6.00 ;-0.95; 0.96; -1.4964; 7.00 ;0.97; 0.97; -1.6206; 8.00 ;-0.64; 0.66; -0.7245; 9.00 ;0.47; 0.54; -0.8557; 
273; 1.00 ;-0.80; 0.82; -1.0801; 2.00 ;0.86; 0.87; -1.2087; 3.00 ;1.00; 1.00; -0.4238; 4.00 ;-0.55; 0.64; -0.8199; 5.00 ;0.72; 0.75; -0.9505; 6.00 ;-0.94; 0.94; -1.3361; 7.00 ;0.96; 0.97; -1.4621; 8.00 ;-0.49; 0.52; -0.5564; 9.00 ;0.23; 0.39; -0.6885; 
274; 1.00 ;-0.66; 0.70; -0.9148; 2.00 ;0.78; 0.80; -1.0447; 3.00 ;1.00; 1.00; -0.2542; 4.00 ;-0.18; 0.46; -0.6524; 5.00 ;0.47; 0.58; -0.7840; 6.00 ;-0.91; 0.91; -1.1736; 7.00 ;0.95; 0.96; -1.3013; 8.00 ;-0.27; 0.31; -0.3874; 9.00 ;-0.06; 0.40; -0.5201; 
275; 1.00 ;-0.38; 0.53; -0.7480; 2.00 ;0.64; 0.68; -0.8790; 3.00 ;1.00; 1.00; -0.0843; 4.00 ;0.03; 0.40; -0.4838; 5.00 ;0.14; 0.45; -0.6162; 6.00 ;-0.86; 0.87; -1.0092; 7.00 ;0.93; 0.94; -1.1384; 8.00 ;-0.16; 0.20; -0.2177; 9.00 ;-0.14; 0.38; -0.3509; 
276; 1.00 ;-0.09; 0.43; -0.5800; 2.00 ;0.39; 0.49; -0.7120; 3.00 ;1.00; 1.00; 0.0858; 4.00 ;0.03; 0.34; -0.3145; 5.00 ;-0.00; 0.40; -0.4475; 6.00 ;-0.78; 0.80; -0.8432; 7.00 ;0.90; 0.92; -0.9736; 8.00 ;-0.11; 0.15; -0.0477; 9.00 ;-0.10; 0.31; -0.1812; 
277; 1.00 ;0.03; 0.43; -0.4111; 2.00 ;0.16; 0.32; -0.5438; 3.00 ;1.00; 1.00; 0.2557; 4.00 ;0.01; 0.30; -0.1447; 5.00 ;-0.02; 0.31; -0.2780; 6.00 ;-0.64; 0.68; -0.6759; 7.00 ;0.82; 0.87; -0.8073; 8.00 ;-0.08; 0.11; 0.1223; 9.00 ;-0.07; 0.24; -0.0112; 
278; 1.00 ;-0.00; 0.30; -0.2415; 2.00 ;0.00; 0.43; -0.3747; 3.00 ;1.00; 1.00; 0.4252; 4.00 ;0.00; 0.24; 0.0254; 5.00 ;0.00; 0.27; -0.1081; 6.00 ;-0.00; 0.26; -0.5075; 7.00 ;0.00; 0.80; -0.6398; 8.00 ;-0.05; 0.08; 0.2922; 9.00 ;-0.04; 0.18; 0.1589; 
279; 1.00 ;-0.00; 0.25; -0.0716; 2.00 ;0.00; 0.35; -0.2050; 3.00 ;1.00; 1.00; 0.5941; 4.00 ;0.00; 0.19; 0.1954; 5.00 ;0.00; 0.22; 0.0620; 6.00 ;-0.00; 0.23; -0.3382; 7.00 ;0.00; 0.73; -0.4711; 8.00 ;-0.04; 0.06; 0.4616; 9.00 ;-0.03; 0.14; 0.3287; 
280; 1.00 ;-0.00; 0.20; 0.0985; 2.00 ;-0.00; 0.27; -0.0350; 3.00 ;1.00; 1.00; 0.7620; 4.00 ;0.00; 0.15; 0.3651; 5.00 ;0.00; 0.17; 0.2319; 6.00 ;0.00; 0.20; -0.1685; 7.00 ;0.00; 0.63; -0.3018; 8.00 ;-0.03; 0.05; 0.6303; 9.00 ;-0.02; 0.11; 0.4979; 
281; 1.00 ;-0.00; 0.17; 0.2684; 2.00 ;-0.00; 0.21; 0.1351; 3.00 ;1.00; 1.00; 0.9287; 4.00 ;0.00; 0.11; 0.5342; 5.00 ;0.00; 0.13; 0.4015; 6.00 ;0.00; 0.18; 0.0016; 7.00 ;0.00; 0.50; -0.1319; 8.00 ;-0.02; 0.04; 0.7979; 9.00 ;-0.01; 0.08; 0.6664; 
282; 1.00 ;-0.00; 0.13; 0.4379; 2.00 ;-0.00; 0.16; 0.3049; 3.00 ;1.00; 1.00; 1.0938; 4.00 ;0.00; 0.09; 0.7025; 5.00 ;0.00; 0.11; 0.5705; 6.00 ;0.00; 0.16; 0.1716; 7.00 ;0.00; 0.37; 0.0381; 8.00 ;-0.02; 0.03; 0.9643; 9.00 ;-0.01; 0.06; 0.8338; 
283; 1.00 ;-0.00; 0.10; 0.6067; 2.00 ;-0.00; 0.12; 0.4743; 3.00 ;1.00; 1.00; 1.2573; 4.00 ;0.00; 0.07; 0.8696; 5.00 ;0.00; 0.08; 0.7385; 6.00 ;0.00; 0.14; 0.3414; 7.00 ;0.00; 0.26; 0.2082; 8.00 ;-0.01; 0.03; 1.1291; 9.00 ;-0.01; 0.05; 0.9999; 
284; 1.00 ;-0.00; 0.08; 0.7745; 2.00 ;-0.00; 0.10; 0.6429; 3.00 ;1.00; 1.00; 1.4187; 4.00 ;0.00; 0.05; 1.0354; 5.00 ;0.00; 0.06; 0.9054; 6.00 ;0.00; 0.11; 0.5106; 7.00 ;0.00; 0.19; 0.3778; 8.00 ;-0.01; 0.02; 1.2922; 9.00 ;-0.00; 0.04; 1.1643; 
285; 1.00 ;-0.00; 0.06; 0.9411; 2.00 ;-0.00; 0.07; 0.8104; 3.00 ;1.00; 1.00; 1.5779; 4.00 ;0.00; 0.04; 1.1995; 5.00 ;0.00; 0.05; 1.0708; 6.00 ;0.00; 0.09; 0.6790; 7.00 ;0.00; 0.13; 0.5469; 8.00 ;-0.01; 0.02; 1.4531; 9.00 ;-0.00; 0.03; 1.3269; 
286; 1.00 ;-0.00; 0.05; 1.1062; 2.00 ;-0.00; 0.06; 0.9767; 3.00 ;1.00; 1.00; 1.7345; 4.00 ;0.00; 0.04; 1.3616; 5.00 ;0.00; 0.04; 1.2345; 6.00 ;0.00; 0.07; 0.8463; 7.00 ;0.00; 0.10; 0.7151; 8.00 ;-0.01; 0.02; 1.6117; 9.00 ;-0.00; 0.03; 1.4874; 
287; 1.00 ;-0.00; 0.04; 1.2695; 2.00 ;-0.00; 0.05; 1.1414; 3.00 ;1.00; 1.00; 1.8883; 4.00 ;0.00; 0.03; 1.5216; 5.00 ;0.00; 0.03; 1.3962; 6.00 ;0.00; 0.06; 1.0123; 7.00 ;0.00; 0.07; 0.8821; 8.00 ;-0.00; 0.01; 1.7678; 9.00 ;-0.00; 0.02; 1.6455; 
288; 1.00 ;-0.00; 0.03; 1.4307; 2.00 ;-0.00; 0.04; 1.3043; 3.00 ;1.00; 1.00; 2.0391; 4.00 ;0.00; 0.03; 1.6792; 5.00 ;0.00; 0.03; 1.5557; 6.00 ;0.00; 0.05; 1.1766; 7.00 ;0.00; 0.06; 1.0478; 8.00 ;-0.00; 0.01; 1.9210; 9.00 ;-0.00; 0.02; 1.8010; 
289; 1.00 ;-0.00; 0.03; 1.5897; 2.00 ;-0.00; 0.03; 1.4651; 3.00 ;1.00; 1.00; 2.1867; 4.00 ;0.00; 0.02; 1.8340; 5.00 ;0.00; 0.02; 1.7127; 6.00 ;0.00; 0.04; 1.3391; 7.00 ;0.00; 0.05; 1.2117; 8.00 ;-0.00; 0.01; 2.0712; 9.00 ;-0.00; 0.02; 1.9536; 
290; 1.00 ;-0.00; 0.02; 1.7461; 2.00 ;-0.00; 0.03; 1.6235; 3.00 ;1.00; 1.00; 2.3308; 4.00 ;0.00; 0.02; 1.9860; 5.00 ;0.00; 0.02; 1.8670; 6.00 ;0.00; 0.03; 1.4994; 7.00 ;0.00; 0.04; 1.3737; 8.00 ;-0.00; 0.01; 2.2180; 9.00 ;-0.00; 0.02; 2.1030; 
291; 1.00 ;-0.00; 0.02; 1.8997; 2.00 ;-0.00; 0.02; 1.7794; 3.00 ;1.00; 1.00; 2.4711; 4.00 ;0.00; 0.02; 2.1347; 5.00 ;0.00; 0.02; 2.0182; 6.00 ;0.00; 0.03; 1.6573; 7.00 ;0.00; 0.03; 1.5335; 8.00 ;-0.00; 0.01; 2.3612; 9.00 ;-0.00; 0.01; 2.2491; 
292; 1.00 ;-0.00; 0.02; 2.0503; 2.00 ;-0.00; 0.02; 1.9324; 3.00 ;1.00; 1.00; 2.6074; 4.00 ;0.00; 0.01; 2.2800; 5.00 ;0.00; 0.02; 2.1662; 6.00 ;0.00; 0.02; 1.8125; 7.00 ;0.00; 0.03; 1.6909; 8.00 ;-0.00; 0.01; 2.5007; 9.00 ;-0.00; 0.01; 2.3916; 
293; 1.00 ;-0.00; 0.02; 2.1976; 2.00 ;-0.00; 0.02; 2.0823; 3.00 ;1.00; 1.00; 2.7396; 4.00 ;0.00; 0.01; 2.4217; 5.00 ;0.00; 0.01; 2.3108; 6.00 ;0.00; 0.02; 1.9649; 7.00 ;0.00; 0.02; 1.8455; 8.00 ;-0.00; 0.01; 2.6362; 9.00 ;-0.00; 0.01; 2.5302; 
294; 1.00 ;-0.00; 0.01; 2.3414; 2.00 ;-0.00; 0.02; 2.2288; 3.00 ;1.00; 1.00; 2.8674; 4.00 ;0.00; 0.01; 2.5595; 5.00 ;0.00; 0.01; 2.4517; 6.00 ;0.00; 0.02; 2.1141; 7.00 ;-0.00; 0.02; 1.9972; 8.00 ;-0.00; 0.01; 2.7675; 9.00 ;-0.00; 0.01; 2.6648; 
295; 1.00 ;-0.00; 0.01; 2.4814; 2.00 ;-0.00; 0.01; 2.3718; 3.00 ;1.00; 1.00; 2.9907; 4.00 ;0.00; 0.01; 2.6932; 5.00 ;0.00; 0.01; 2.5886; 6.00 ;0.00; 0.01; 2.2599; 7.00 ;0.00; 0.02; 2.1457; 8.00 ;-0.00; 0.01; 2.8943; 9.00 ;-0.00; 0.01; 2.7951; 
296; 1.00 ;-0.00; 0.01; 2.6175; 2.00 ;-0.00; 0.01; 2.5110; 3.00 ;1.00; 1.00; 3.1091; 4.00 ;0.00; 0.01; 2.8226; 5.00 ;0.00; 0.01; 2.7214; 6.00 ;0.00; 0.01; 2.4021; 7.00 ;-0.00; 0.01; 2.2908; 8.00 ;-0.00; 0.01; 3.0165; 9.00 ;-0.00; 0.01; 2.9210; 
297; 1.00 ;-0.00; 0.01; 2.7494; 2.00 ;-0.00; 0.01; 2.6462; 3.00 ;1.00; 1.00; 3.2225; 4.00 ;0.00; 0.01; 2.9474; 5.00 ;0.00; 0.01; 2.8498; 6.00 ;0.00; 0.01; 2.5405; 7.00 ;-0.00; 0.01; 2.4322; 8.00 ;-0.00; 0.01; 3.1339; 9.00 ;-0.00; 0.01; 3.0422; 
298; 1.00 ;-0.00; 0.01; 2.8768; 2.00 ;-0.00; 0.01; 2.7772; 3.00 ;1.00; 1.00; 3.3308; 4.00 ;0.00; 0.01; 3.0676; 5.00 ;0.00; 0.01; 2.9737; 6.00 ;0.00; 0.01; 2.6747; 7.00 ;0.00; 0.01; 2.5697; 8.00 ;-0.00; 0.01; 3.2462; 9.00 ;-0.00; 0.01; 3.1585; 
299; 1.00 ;-0.00; 0.01; 2.9997; 2.00 ;-0.00; 0.01; 2.9037; 3.00 ;1.00; 1.00; 3.4337; 4.00 ;0.00; 0.01; 3.1828; 5.00 ;0.00; 0.01; 3.0928; 6.00 ;-0.00; 0.01; 2.8047; 7.00 ;-0.00; 0.01; 2.7031; 8.00 ;-0.00; 0.01; 3.3534; 9.00 ;-0.00; 0.01; 3.2697; 
300; 1.00 ;-0.00; 0.01; 3.1178; 2.00 ;-0.00; 0.01; 3.0255; 3.00 ;1.00; 1.00; 3.5312; 4.00 ;0.00; 0.01; 3.2930; 5.00 ;0.00; 0.01; 3.2069; 6.00 ;0.00; 0.01; 2.9302; 7.00 ;0.00; 0.01; 2.8321; 8.00 ;-0.00; 0.00; 3.4552; 9.00 ;-0.00; 0.01; 3.3757; 
301; 1.00 ;-0.00; 0.01; 3.2308; 2.00 ;-0.00; 0.01; 3.1425; 3.00 ;1.00; 1.00; 3.6230; 4.00 ;0.00; 0.01; 3.3978; 5.00 ;0.00; 0.01; 3.3160; 6.00 ;-0.00; 0.01; 3.0511; 7.00 ;-0.00; 0.01; 2.9566; 8.00 ;-0.00; 0.00; 3.5514; 9.00 ;-0.00; 0.01; 3.4763; 
302; 1.00 ;-0.00; 0.01; 3.3387; 2.00 ;-0.00; 0.01; 3.2545; 3.00 ;1.00; 1.00; 3.7090; 4.00 ;0.00; 0.01; 3.4972; 5.00 ;0.00; 0.01; 3.4197; 6.00 ;0.00; 0.01; 3.1670; 7.00 ;-0.00; 0.01; 3.0764; 8.00 ;-0.00; 0.00; 3.6420; 9.00 ;-0.00; 0.01; 3.5714; 
303; 1.00 ;-0.00; 0.01; 3.4412; 2.00 ;-0.00; 0.01; 3.3612; 3.00 ;1.00; 1.00; 3.7890; 4.00 ;0.00; 0.01; 3.5911; 5.00 ;0.00; 0.01; 3.5179; 6.00 ;-0.00; 0.01; 3.2779; 7.00 ;0.00; 0.01; 3.1913; 8.00 ;-0.00; 0.00; 3.7267; 9.00 ;-0.00; 0.01; 3.6607; 
304; 1.00 ;-0.00; 0.01; 3.5383; 2.00 ;-0.00; 0.01; 3.4626; 3.00 ;1.00; 1.00; 3.8630; 4.00 ;0.00; 0.01; 3.6791; 5.00 ;0.00; 0.01; 3.6105; 6.00 ;-0.00; 0.01; 3.3835; 7.00 ;-0.00; 0.01; 3.3010; 8.00 ;-0.00; 0.00; 3.8055; 9.00 ;-0.00; 0.01; 3.7441; 
305; 1.00 ;-0.00; 0.01; 3.6296; 2.00 ;-0.00; 0.01; 3.5584; 3.00 ;1.00; 1.00; 3.9308; 4.00 ;0.00; 0.01; 3.7613; 5.00 ;0.00; 0.01; 3.6973; 6.00 ;-0.00; 0.01; 3.4837; 7.00 ;0.00; 0.01; 3.4055; 8.00 ;-0.00; 0.00; 3.8781; 9.00 ;-0.00; 0.01; 3.8216; 
306; 1.00 ;-0.00; 0.01; 3.7152; 2.00 ;-0.00; 0.01; 3.6485; 3.00 ;1.00; 1.00; 3.9923; 4.00 ;0.00; 0.01; 3.8375; 5.00 ;0.00; 0.01; 3.7782; 6.00 ;-0.00; 0.01; 3.5783; 7.00 ;-0.00; 0.01; 3.5045; 8.00 ;-0.00; 0.00; 3.9446; 9.00 ;-0.00; 0.00; 3.8929; 
307; 1.00 ;-0.00; 0.01; 3.7948; 2.00 ;-0.00; 0.01; 3.7328; 3.00 ;1.00; 1.00; 4.0474; 4.00 ;0.00; 0.01; 3.9075; 5.00 ;0.00; 0.01; 3.8530; 6.00 ;0.00; 0.01; 3.6672; 7.00 ;-0.00; 0.01; 3.5979; 8.00 ;-0.00; 0.00; 4.0047; 9.00 ;-0.00; 0.00; 3.9580; 
308; 1.00 ;-0.00; 0.01; 3.8683; 2.00 ;-0.00; 0.01; 3.8111; 3.00 ;1.00; 1.00; 4.0961; 4.00 ;0.00; 0.00; 3.9712; 5.00 ;0.00; 0.01; 3.9217; 6.00 ;-0.00; 0.01; 3.7502; 7.00 ;-0.00; 0.01; 3.6855; 8.00 ;-0.00; 0.00; 4.0584; 9.00 ;-0.00; 0.00; 4.0168; 
309; 1.00 ;-0.00; 0.01; 3.9357; 2.00 ;-0.00; 0.01; 3.8833; 3.00 ;1.00; 1.00; 4.1381; 4.00 ;0.00; 0.00; 4.0286; 5.00 ;0.00; 0.00; 3.9841; 6.00 ;0.00; 0.01; 3.8272; 7.00 ;0.00; 0.01; 3.7672; 8.00 ;-0.00; 0.00; 4.1057; 9.00 ;-0.00; 0.00; 4.0691; 
310; 1.00 ;-0.00; 0.00; 3.9967; 2.00 ;-0.00; 0.01; 3.9493; 3.00 ;1.00; 1.00; 4.1736; 4.00 ;0.00; 0.00; 4.0795; 5.00 ;0.00; 0.00; 4.0401; 6.00 ;-0.00; 0.01; 3.8980; 7.00 ;0.00; 0.01; 3.8429; 8.00 ;-0.00; 0.00; 4.1463; 9.00 ;-0.00; 0.00; 4.1150; 
311; 1.00 ;-0.00; 0.00; 4.0513; 2.00 ;-0.00; 0.00; 4.0090; 3.00 ;1.00; 1.00; 4.2023; 4.00 ;0.00; 0.00; 4.1240; 5.00 ;0.00; 0.00; 4.0897; 6.00 ;0.00; 0.01; 3.9627; 7.00 ;0.00; 0.01; 3.9125; 8.00 ;-0.00; 0.00; 4.1803; 9.00 ;-0.00; 0.00; 4.1542; 
312; 1.00 ;-0.00; 0.00; 4.0994; 2.00 ;-0.00; 0.00; 4.0622; 3.00 ;1.00; 1.00; 4.2244; 4.00 ;0.00; 0.00; 4.1618; 5.00 ;0.00; 0.00; 4.1326; 6.00 ;-0.00; 0.00; 4.0210; 7.00 ;-0.00; 0.00; 3.9757; 8.00 ;-0.00; 0.00; 4.2076; 9.00 ;-0.00; 0.00; 4.1868; 
313; 1.00 ;-0.00; 0.00; 4.1410; 2.00 ;-0.00; 0.00; 4.1089; 3.00 ;1.00; 1.00; 4.2396; 4.00 ;0.00; 0.00; 4.1929; 5.00 ;0.00; 0.00; 4.1690; 6.00 ;-0.00; 0.00; 4.0728; 7.00 ;-0.00; 0.00; 4.0327; 8.00 ;-0.00; 0.00; 4.2282; 9.00 ;-0.00; 0.00; 4.2126; 
314; 1.00 ;-0.00; 0.00; 4.1760; 2.00 ;-0.00; 0.00; 4.1491; 3.00 ;1.00; 1.00; 4.2481; 4.00 ;0.00; 0.00; 4.2173; 5.00 ;0.00; 0.00; 4.1987; 6.00 ;0.00; 0.00; 4.1181; 7.00 ;0.00; 0.00; 4.0831; 8.00 ;-0.00; 0.00; 4.2420; 9.00 ;-0.00; 0.00; 4.2318; 
315; 1.00 ;-0.00; 0.00; 4.2042; 2.00 ;-0.00; 0.00; 4.1826; 3.00 ;1.00; 1.00; 4.2498; 4.00 ;0.00; 0.00; 4.2350; 5.00 ;0.00; 0.00; 4.2217; 6.00 ;0.00; 0.00; 4.1569; 7.00 ;-0.00; 0.00; 4.1270; 8.00 ;-0.00; 0.00; 4.2490; 9.00 ;-0.00; 0.00; 4.2441; 
